Path for ray(in pc) 5 11
Points calculated each 2000 days for 10000 years.
4.17568 6.2534
4.17903 6.25826
4.18244 6.26318
4.18591 6.26818
4.18944 6.27326
4.19305 6.27841
4.19673 6.28364
4.20048 6.28895
4.20432 6.29435
4.20823 6.29985
4.21223 6.30543
4.21631 6.31111
4.22048 6.3169
4.22474 6.32279
4.22909 6.32879
4.23354 6.33491
4.23808 6.34115
4.24273 6.34751
4.24747 6.35401
4.25232 6.36064
4.25727 6.36742
4.26233 6.37435
4.2675 6.38144
4.27278 6.38869
4.27817 6.39612
4.28367 6.40372
4.28929 6.41151
4.29502 6.4195
4.30087 6.42769
4.30684 6.4361
4.31292 6.44474
4.31913 6.45361
4.32546 6.46273
4.3319 6.47211
4.33847 6.48176
4.34516 6.4917
4.35198 6.50194
4.35891 6.51249
4.36596 6.52338
4.37314 6.53461
4.38043 6.54621
4.38784 6.5582
4.39536 6.57059
4.40299 6.58341
4.41073 6.59668
4.41858 6.61042
4.42652 6.62467
4.43456 6.63944
4.44268 6.65476
4.45088 6.67067
4.45916 6.68719
4.46749 6.70436
4.47588 6.72221
4.48431 6.74077
4.49278 6.76008
4.50128 6.78018
4.50981 6.80111
4.51836 6.82291
4.52694 6.84562
4.53557 6.86928
4.54426 6.89397
4.55308 6.91972
4.56208 6.94663
4.57136 6.97479
4.58108 7.00434
4.59142 7.03544
4.60266 7.06838
4.61517 7.10354
4.62943 7.14149
4.64605 7.18312
4.66579 7.22979
4.68951 7.28361
4.71806 7.34792
4.75181 7.42796
4.78959 7.53205
4.82599 7.67282
4.84519 7.86753
4.80918 8.13169
4.64713 8.45131
4.28872 8.72819
3.78701 8.79403
3.34416 8.60275
3.08717 8.29346
2.98614 7.99823
2.97038 7.76037
2.99283 7.57652
3.03074 7.43302
3.07469 7.31804
3.12123 7.22347
3.16932 7.14423
3.21879 7.07726
3.26963 7.02081
3.32174 6.97388
3.37485 6.93591
3.42854 6.90655
3.48227 6.88554
3.53538 6.87264
3.58721 6.86757
3.63705 6.87001
3.68419 6.87961
3.72793 6.89595
3.76757 6.91854
3.80244 6.94683
3.83187 6.98019
3.85526 7.01788
3.87204 7.05906
3.88176 7.10276
3.88408 7.14791
3.87885 7.19336
3.86612 7.23789
3.84617 7.28029
3.81951 7.31942
3.78688 7.35424
3.74921 7.38389
3.70756 7.40774
3.66307 7.42541
3.61689 7.43676
3.57011 7.44188
3.52372 7.44107
3.47855 7.43478
3.43531 7.42356
3.39452 7.40804
3.35655 7.38886
3.32163 7.36665
3.28986 7.34201
3.26128 7.31548
3.2358 7.28755
3.21331 7.25865
3.19366 7.22913
3.17667 7.1993
3.16213 7.1694
3.14985 7.13962
3.13963 7.11012
3.13127 7.08103
3.1246 7.05242
3.11945 7.02436
3.11566 6.99688
3.11308 6.97002
3.11157 6.94377
3.11103 6.91814
3.11133 6.89311
3.11238 6.86867
3.11409 6.84479
3.11637 6.82145
3.11916 6.79861
3.12238 6.77624
3.12598 6.75431
3.1299 6.73278
3.13408 6.71161
3.1385 6.69077
3.14309 6.67022
3.14782 6.64993
3.15265 6.62986
3.15755 6.60998
3.16247 6.59024
3.16739 6.57063
3.17227 6.5511
3.17707 6.53163
3.18176 6.51218
3.1863 6.49274
3.19065 6.47327
3.19478 6.45374
3.19864 6.43415
3.20219 6.41447
3.20538 6.39469
3.20817 6.3748
3.2105 6.35479
3.21233 6.33467
3.21359 6.31444
3.21424 6.29411
3.21421 6.27372
3.21345 6.25328
3.21191 6.23285
3.20953 6.21247
3.20626 6.1922
3.20206 6.17211
3.1969 6.15228
3.19076 6.13282
3.18361 6.1138
3.17546 6.09534
3.16634 6.07756
3.15627 6.06055
3.14531 6.04444
3.13353 6.02933
3.12102 6.01531
3.10789 6.00247
3.09427 5.99089
3.08028 5.9806
3.06607 5.97165
3.05178 5.96404
3.03756 5.95777
3.02355 5.95278
3.00988 5.94904
2.99667 5.94647
2.98404 5.94498
2.97206 5.94448
2.96081 5.94486
2.95036 5.94601
2.94073 5.94783
2.93195 5.95019
2.92402 5.95299
2.91695 5.95614
2.91072 5.95954
2.9053 5.96311
2.90065 5.96676
2.89674 5.97044
2.89354 5.97408
2.89099 5.97764
2.88904 5.98107
2.88766 5.98433
2.8868 5.98741
2.88642 5.99027
2.88646 5.9929
2.8869 5.99529
2.8877 5.99742
2.88881 5.9993
2.89021 6.00092
2.89187 6.00228
2.89376 6.00338
2.89586 6.00422
2.89813 6.00481
2.90056 6.00516
2.90314 6.00527
2.90583 6.00515
2.90864 6.0048
2.91153 6.00423
2.91451 6.00345
2.91756 6.00246
2.92066 6.00128
2.92382 5.9999
2.92701 5.99835
2.93024 5.99661
2.9335 5.99471
2.93678 5.99264
2.94008 5.99041
2.94339 5.98803
2.9467 5.9855
2.95003 5.98282
2.95335 5.98001
2.95667 5.97706
2.95998 5.97398
2.96329 5.97078
2.96658 5.96745
2.96987 5.964
2.97314 5.96043
2.97639 5.95675
2.97963 5.95295
2.98284 5.94905
2.98604 5.94504
2.98921 5.94093
2.99235 5.93671
2.99547 5.93239
2.99855 5.92797
3.00161 5.92346
3.00463 5.91885
3.00761 5.91414
3.01055 5.90934
3.01345 5.90445
3.0163 5.89947
3.01911 5.8944
3.02186 5.88924
3.02456 5.884
3.02719 5.87868
3.02976 5.87328
3.03227 5.8678
3.0347 5.86225
3.03705 5.85662
3.03931 5.85093
3.04149 5.84517
3.04357 5.83936
3.04556 5.83349
3.04743 5.82757
3.04919 5.82161
3.05084 5.81562
3.05236 5.80959
3.05375 5.80355
3.055 5.7975
3.05611 5.79145
3.05707 5.78542
3.05788 5.7794
3.05853 5.77343
3.05902 5.7675
3.05935 5.76164
3.05952 5.75586
3.05952 5.75018
3.05935 5.74461
3.05902 5.73918
3.05853 5.73389
3.05789 5.72878
3.05709 5.72385
3.05616 5.71912
3.05509 5.71462
3.0539 5.71036
3.0526 5.70635
3.05121 5.70262
3.04974 5.69918
3.0482 5.69603
3.04663 5.6932
3.04503 5.6907
3.04343 5.68852
3.04184 5.68669
3.04029 5.6852
3.0388 5.68405
3.03739 5.68326
3.03607 5.68281
3.03487 5.6827
3.03381 5.68294
3.0329 5.68351
3.03216 5.68442
3.0316 5.68564
3.03124 5.68718
3.03108 5.68902
3.03114 5.69116
3.03142 5.69358
3.03194 5.69628
3.03269 5.69925
3.03367 5.70248
3.0349 5.70596
3.03638 5.70968
3.03809 5.71364
3.04004 5.71784
3.04224 5.72226
3.04467 5.72691
3.04733 5.73178
3.05022 5.73687
3.05334 5.74219
3.05668 5.74773
3.06024 5.7535
3.06401 5.7595
3.06799 5.76573
3.07218 5.77221
3.07657 5.77893
3.08116 5.78591
3.08594 5.79315
3.09092 5.80066
3.0961 5.80845
3.10147 5.81654
3.10703 5.82493
3.11278 5.83363
3.11872 5.84265
3.12487 5.85202
3.13121 5.86173
3.13775 5.8718
3.1445 5.88224
3.15146 5.89307
3.15864 5.90429
3.16605 5.91591
3.17369 5.92795
3.18158 5.94041
3.18972 5.9533
3.19813 5.96663
3.20682 5.98041
3.21581 5.99463
3.22512 6.00931
3.23476 6.02444
3.24476 6.04001
3.25515 6.05603
3.26595 6.07248
3.27719 6.08935
3.28891 6.10662
3.30116 6.12428
3.31398 6.14229
3.32741 6.16062
3.34154 6.17923
3.35641 6.19806
3.37213 6.21706
3.38877 6.23616
3.40644 6.25525
3.42527 6.27426
3.44539 6.29305
3.46698 6.31148
3.49023 6.32939
3.51535 6.34659
3.54261 6.36284
3.57231 6.37787
3.60481 6.39137
3.64052 6.40296
3.67992 6.41217
3.72358 6.41847
3.77218 6.42121
3.8265 6.41958
3.88746 6.41261
3.95616 6.39909
4.03387 6.37753
4.12212 6.34601
4.22265 6.3021
4.33752 6.24267
4.46911 6.16357
4.62005 6.05932
4.79323 5.92251
4.99147 5.74298
5.21705 5.50667
5.47045 5.19391
5.74792 4.77713
6.03641 4.21808
6.30368 3.46589
6.48013 2.46013
6.43075 1.15114
5.93054 -0.438063
4.7055 -2.09146
2.6474 -3.31441
0.11677 -3.55876
-2.16681 -2.7347
-3.71039 -1.29676
-4.50478 0.228495
-4.78213 1.55688
-4.77045 2.61658
-4.6199 3.4321
-4.41418 4.05303
-4.19591 4.52631
-3.98522 4.88922
-3.79063 5.16959
-3.61485 5.38774
-3.4578 5.55848
-3.31818 5.69264
-3.19419 5.79825
-3.08396 5.88132
-2.98571 5.94642
-2.89782 5.99705
-2.81886 6.03594
-2.74758 6.06525
-2.68289 6.08668
-2.62387 6.10163
-2.56974 6.1112
-2.51981 6.11631
-2.4735 6.11773
-2.43033 6.11608
-2.38988 6.11188
-2.35178 6.10558
-2.31574 6.09754
-2.2815 6.08808
-2.24883 6.07747
-2.21756 6.06593
-2.18751 6.05365
-2.15856 6.0408
-2.13059 6.0275
-2.1035 6.01389
-2.07721 6.00005
-2.05164 5.98607
-2.02674 5.97203
-2.00245 5.95798
-1.97873 5.94396
-1.95554 5.93003
-1.93284 5.91622
-1.91062 5.90255
-1.88885 5.88904
-1.86751 5.87572
-1.84657 5.86259
-1.82604 5.84966
-1.80588 5.83695
-1.7861 5.82446
-1.76668 5.81218
-1.74762 5.80012
-1.7289 5.78829
-1.71052 5.77667
-1.69248 5.76526
-1.67477 5.75406
-1.65739 5.74306
-1.64032 5.73227
-1.62358 5.72166
-1.60715 5.71124
-1.59103 5.701
-1.57523 5.69094
-1.55973 5.68104
-1.54453 5.6713
-1.52964 5.66171
-1.51505 5.65227
-1.50075 5.64297
-1.48675 5.6338
-1.47304 5.62476
-1.45963 5.61583
-1.4465 5.60702
-1.43366 5.59831
-1.42111 5.5897
-1.40884 5.58119
-1.39686 5.57277
-1.38515 5.56443
-1.37372 5.55616
-1.36257 5.54797
-1.3517 5.53984
-1.3411 5.53178
-1.33077 5.52376
-1.32071 5.5158
-1.31092 5.50788
-1.3014 5.5
-1.29215 5.49216
-1.28316 5.48434
-1.27445 5.47654
-1.266 5.46877
-1.25782 5.461
-1.2499 5.45324
-1.24226 5.44548
-1.23489 5.43772
-1.22779 5.42995
-1.22097 5.42216
-1.21444 5.41436
-1.20819 5.40653
-1.20223 5.39867
-1.19657 5.39078
-1.19121 5.38286
-1.18616 5.3749
-1.18144 5.3669
-1.17704 5.35886
-1.17299 5.35077
-1.16928 5.34265
-1.16594 5.33449
-1.16298 5.32629
-1.16041 5.31806
-1.15824 5.30981
-1.15649 5.30155
-1.15517 5.29328
-1.1543 5.28501
-1.15389 5.27677
-1.15396 5.26857
-1.15452 5.26043
-1.15559 5.25237
-1.15717 5.24442
-1.15927 5.2366
-1.16191 5.22894
-1.16509 5.22148
-1.1688 5.21425
-1.17306 5.20729
-1.17786 5.20063
-1.18318 5.19432
-1.18902 5.18839
-1.19536 5.18288
-1.20218 5.17784
-1.20946 5.1733
-1.21715 5.1693
-1.22523 5.16588
-1.23366 5.16306
-1.2424 5.16088
-1.25139 5.15937
-1.26058 5.15853
-1.26993 5.15839
-1.27937 5.15895
-1.28886 5.16023
-1.29834 5.1622
-1.30774 5.16487
-1.31702 5.16822
-1.32613 5.17224
-1.33502 5.17689
-1.34364 5.18214
-1.35195 5.18797
-1.35991 5.19434
-1.36749 5.2012
-1.37468 5.20852
-1.38143 5.21625
-1.38774 5.22434
-1.3936 5.23276
-1.39899 5.24146
-1.40391 5.2504
-1.40837 5.25954
-1.41237 5.26884
-1.41591 5.27826
-1.41901 5.28776
-1.42168 5.29733
-1.42394 5.30691
-1.4258 5.3165
-1.42727 5.32606
-1.42839 5.33558
-1.42917 5.34503
-1.42962 5.35439
-1.42978 5.36366
-1.42965 5.37282
-1.42927 5.38185
-1.42865 5.39076
-1.42781 5.39953
-1.42678 5.40817
-1.42556 5.41665
-1.42418 5.42498
-1.42266 5.43317
-1.42101 5.4412
-1.41925 5.44908
-1.41739 5.45681
-1.41545 5.46438
-1.41344 5.47181
-1.41138 5.47909
-1.40928 5.48622
-1.40714 5.4932
-1.40499 5.50005
-1.40283 5.50676
-1.40067 5.51333
-1.39852 5.51976
-1.39639 5.52606
-1.39429 5.53223
-1.39223 5.53828
-1.3902 5.54419
-1.38822 5.54998
-1.3863 5.55565
-1.38444 5.56119
-1.38264 5.56661
-1.3809 5.5719
-1.37924 5.57708
-1.37765 5.58213
-1.37614 5.58706
-1.37471 5.59187
-1.37335 5.59656
-1.37207 5.60112
-1.37087 5.60556
-1.36975 5.60987
-1.36871 5.61406
-1.36774 5.61812
-1.36684 5.62205
-1.36601 5.62586
-1.36524 5.62953
-1.36454 5.63308
-1.36388 5.63649
-1.36328 5.63978
-1.36272 5.64293
-1.3622 5.64596
-1.3617 5.64887
-1.36123 5.65164
-1.36078 5.6543
-1.36033 5.65684
-1.35988 5.65926
-1.35942 5.66156
-1.35895 5.66376
-1.35845 5.66586
-1.35792 5.66786
-1.35735 5.66977
-1.35673 5.67159
-1.35605 5.67334
-1.35532 5.67501
-1.35451 5.67662
-1.35363 5.67818
-1.35266 5.67969
-1.35161 5.68115
-1.35046 5.68259
-1.34922 5.68401
-1.34787 5.68541
-1.34641 5.68681
-1.34484 5.68822
-1.34316 5.68963
-1.34135 5.69106
-1.33942 5.69253
-1.33737 5.69402
-1.33519 5.69557
-1.33287 5.69716
-1.33042 5.6988
-1.32784 5.70051
-1.32511 5.70228
-1.32224 5.70413
-1.31922 5.70605
-1.31605 5.70806
-1.31272 5.71014
-1.30923 5.71232
-1.30558 5.71458
-1.30175 5.71693
-1.29775 5.71937
-1.29356 5.7219
-1.28918 5.72452
-1.28459 5.72722
-1.27979 5.73001
-1.27475 5.73287
-1.26948 5.73581
-1.26394 5.73882
-1.25813 5.74189
-1.25201 5.74501
-1.24558 5.74818
-1.2388 5.75138
-1.23164 5.7546
-1.22406 5.75782
-1.21604 5.76104
-1.20753 5.76423
-1.19849 5.76737
-1.18885 5.77045
-1.17856 5.77343
-1.16756 5.77628
-1.15576 5.77898
-1.14308 5.78149
-1.12942 5.78377
-1.11467 5.78578
-1.09872 5.78745
-1.0814 5.78873
-1.06257 5.78956
-1.04203 5.78985
-1.01957 5.78951
-0.994937 5.78844
-0.967851 5.7865
-0.937975 5.78355
-0.904919 5.7794
-0.868223 5.77383
-0.827344 5.76658
-0.781638 5.75732
-0.730331 5.74563
-0.672488 5.73097
-0.606974 5.71269
-0.532394 5.68989
-0.447019 5.6614
-0.348685 5.62565
-0.234657 5.58047
-0.101438 5.5228
0.0554875 5.44823
0.241993 5.35025
0.465745 5.21887
0.736675 5.03827
1.06717 4.7824
1.47088 4.40648
1.95605 3.83036
2.49914 2.90695
2.94957 1.37822
2.73872 -1.06488
0.510715 -3.97426
-4.01261 -4.63659
-7.26632 -2.02943
-7.94563 0.842627
-7.53367 2.71683
-6.91662 3.82443
-6.35018 4.49122
-5.87986 4.91118
-5.49823 5.18818
-5.18845 5.37851
-4.93496 5.5139
-4.72539 5.61303
-4.55028 5.68741
-4.40251 5.74433
-4.27666 5.78865
-4.16858 5.82363
-4.07505 5.85158
-3.99358 5.87411
-3.92215 5.89242
-3.85919 5.90741
-3.80338 5.91973
-3.75369 5.92991
-3.70923 5.93834
-3.66929 5.94535
-3.63326 5.9512
-3.60064 5.95608
-3.57098 5.96018
-3.54393 5.96364
-3.51917 5.96657
-3.49642 5.96909
-3.47545 5.97128
-3.45606 5.97323
-3.43807 5.97499
-3.42134 5.97664
-3.40571 5.97823
-3.39109 5.97981
-3.37736 5.98142
-3.36444 5.98312
-3.35226 5.98493
-3.34075 5.9869
-3.32985 5.98907
-3.31951 5.99146
-3.3097 5.9941
-3.30039 5.99702
-3.29155 6.00024
-3.28315 6.0038
-3.2752 6.0077
-3.26768 6.01198
-3.26058 6.01663
-3.25391 6.02168
-3.24766 6.02714
-3.24186 6.033
-3.23651 6.03928
-3.23162 6.04596
-3.2272 6.05306
-3.22328 6.06055
-3.21986 6.06843
-3.21698 6.07669
-3.21463 6.08529
-3.21283 6.09422
-3.21161 6.10346
-3.21097 6.11298
-3.21091 6.12274
-3.21146 6.13271
-3.2126 6.14286
-3.21434 6.15316
-3.21669 6.16357
-3.21962 6.17406
-3.22314 6.18458
-3.22723 6.19512
-3.23188 6.20563
-3.23707 6.21609
-3.24278 6.22647
-3.249 6.23674
-3.2557 6.24689
-3.26286 6.25689
-3.27045 6.26672
-3.27847 6.27638
-3.28688 6.28583
-3.29566 6.29509
-3.30479 6.30412
-3.31426 6.31294
-3.32404 6.32153
-3.33412 6.32988
-3.34449 6.338
-3.35513 6.34587
-3.36602 6.3535
-3.37717 6.36088
-3.38855 6.368
-3.40016 6.37486
-3.41199 6.38145
-3.42404 6.38777
-3.4363 6.3938
-3.44876 6.39953
-3.46141 6.40496
-3.47425 6.41007
-3.48727 6.41484
-3.50046 6.41926
-3.5138 6.4233
-3.5273 6.42696
-3.54092 6.43021
-3.55465 6.43302
-3.56847 6.43538
-3.58235 6.43726
-3.59628 6.43865
-3.61022 6.43952
-3.62413 6.43986
-3.63797 6.43963
-3.65172 6.43884
-3.66532 6.43746
-3.67872 6.43549
-3.69188 6.43291
-3.70475 6.42973
-3.71727 6.42595
-3.72938 6.42157
-3.74103 6.41659
-3.75216 6.41105
-3.76271 6.40494
-3.77263 6.39831
-3.78185 6.39117
-3.79032 6.38356
-3.79799 6.37551
-3.8048 6.36707
-3.8107 6.35828
-3.81563 6.34919
-3.81956 6.33985
-3.82242 6.33032
-3.82418 6.32064
-3.82479 6.31089
-3.82421 6.30111
-3.82238 6.29138
-3.81927 6.28177
-3.81484 6.27233
-3.80903 6.26315
-3.8018 6.25429
-3.7931 6.24585
-3.78287 6.23789
-3.77107 6.23052
-3.75762 6.22382
-3.74246 6.21791
-3.72552 6.2129
-3.70671 6.20891
-3.68595 6.20608
-3.66313 6.20458
-3.63815 6.20459
-3.61089 6.20632
-3.58122 6.20999
-3.54899 6.21589
-3.51405 6.22435
-3.47623 6.23573
-3.43536 6.2505
-3.39126 6.26919
-3.34373 6.29242
-3.29262 6.32098
-3.23776 6.35578
-3.17904 6.39795
-3.11644 6.44884
-3.05006 6.51011
-2.98021 6.58375
-2.90753 6.67221
-2.83315 6.77841
-2.75899 6.90581
-2.68806 7.05843
-2.62507 7.2407
-2.57702 7.45714
-2.5541 7.71152
-2.5704 8.00542
-2.64421 8.33575
-2.79685 8.6912
-3.04876 9.04846
-3.41186 9.37057
-3.87954 9.61097
-4.41983 9.7259
-4.97901 9.69127
-5.49764 9.51355
-5.93 9.22635
-6.25492 8.87555
-6.47404 8.50372
-6.60286 8.14166
-6.66176 7.80726
-6.67015 7.50834
-6.64399 7.24626
-6.59533 7.01891
-6.53279 6.82265
-6.46234 6.65344
-6.38797 6.50741
-6.31233 6.3811
-6.23713 6.27154
-6.16345 6.17627
-6.09198 6.09321
-6.02314 6.02066
-5.95721 5.9572
-5.89435 5.90162
-5.83467 5.85289
-5.77822 5.81012
-5.72503 5.77251
-5.67509 5.73933
-5.62833 5.70991
-5.58465 5.68366
-5.54393 5.66005
-5.50598 5.6386
-5.47062 5.61889
-5.43763 5.6006
-5.40679 5.58342
-5.37789 5.56714
-5.35071 5.55157
-5.32506 5.53658
-5.30077 5.52206
-5.27767 5.50792
-5.25564 5.49413
-5.23454 5.48062
-5.21427 5.46737
-5.19474 5.45437
-5.17587 5.44159
-5.15759 5.42903
-5.13985 5.41667
-5.12259 5.40451
-5.10578 5.39255
-5.08938 5.38077
-5.07334 5.36918
-5.05766 5.35777
-5.04229 5.34654
-5.02723 5.33548
-5.01244 5.32458
-4.99792 5.31385
-4.98364 5.30328
-4.96961 5.29286
-4.95579 5.2826
-4.94218 5.27248
-4.92877 5.2625
-4.91556 5.25267
-4.90253 5.24296
-4.88967 5.23339
-4.87698 5.22395
-4.86446 5.21463
-4.85209 5.20544
-4.83987 5.19636
-4.8278 5.1874
-4.81587 5.17855
-4.80408 5.1698
-4.79242 5.16117
-4.78089 5.15264
-4.76948 5.14422
-4.7582 5.13589
-4.74704 5.12766
-4.736 5.11953
-4.72508 5.1115
-4.71426 5.10356
-4.70356 5.09571
-4.69297 5.08795
-4.68248 5.08029
-4.6721 5.07271
-4.66182 5.06523
-4.65164 5.05783
-4.64156 5.05052
-4.63157 5.0433
-4.62168 5.03617
-4.61189 5.02913
-4.60218 5.02217
-4.59256 5.01531
-4.58303 5.00853
-4.57359 5.00184
-4.56422 4.99524
-4.55494 4.98873
-4.54573 4.98231
-4.5366 4.97599
-4.52754 4.96975
-4.51854 4.96361
-4.50962 4.95756
-4.50076 4.95161
-4.49196 4.94575
-4.48322 4.93999
-4.47454 4.93432
-4.4659 4.92875
-4.45732 4.92327
-4.44879 4.91789
-4.4403 4.9126
-4.43185 4.90741
-4.42345 4.90231
-4.41508 4.8973
-4.40675 4.89239
-4.39846 4.88757
-4.3902 4.88283
-4.38198 4.87818
-4.37379 4.87361
-4.36563 4.86913
-4.3575 4.86472
-4.34942 4.86038
-4.34136 4.85612
-4.33335 4.85192
-4.32538 4.84778
-4.31746 4.84369
-4.30959 4.83966
-4.30177 4.83568
-4.29402 4.83174
-4.28633 4.82783
-4.27873 4.82396
-4.2712 4.82011
-4.26377 4.81628
-4.25645 4.81247
-4.24924 4.80866
-4.24216 4.80486
-4.23523 4.80106
-4.22845 4.79726
-4.22184 4.79345
-4.21542 4.78963
-4.20921 4.7858
-4.20322 4.78195
-4.19748 4.77809
-4.192 4.77421
-4.18681 4.77032
-4.18192 4.76643
-4.17737 4.76253
-4.17317 4.75863
-4.16934 4.75475
-4.16592 4.75089
-4.16293 4.74707
-4.16039 4.7433
-4.15832 4.73959
-4.15676 4.73598
-4.15571 4.73249
-4.15521 4.72913
-4.15527 4.72594
-4.15591 4.72296
-4.15715 4.72021
-4.159 4.71773
-4.16148 4.71558
-4.16457 4.71378
-4.1683 4.71238
-4.17266 4.71144
-4.17764 4.711
-4.18322 4.71111
-4.1894 4.71181
-4.19614 4.71317
-4.20342 4.71523
-4.21121 4.71802
-4.21945 4.72161
-4.22811 4.72603
-4.23714 4.73131
-4.24648 4.7375
-4.25606 4.74461
-4.26582 4.75266
-4.2757 4.76169
-4.28563 4.77168
-4.29553 4.78264
-4.30534 4.79458
-4.31499 4.80747
-4.32439 4.82129
-4.3335 4.83602
-4.34225 4.85163
-4.35056 4.86808
-4.3584 4.88533
-4.36571 4.90334
-4.37243 4.92204
-4.37854 4.94139
-4.38398 4.96134
-4.38874 4.98182
-4.39279 5.00277
-4.3961 5.02415
-4.39867 5.04588
-4.40047 5.06791
-4.40151 5.09019
-4.40177 5.11265
-4.40128 5.13525
-4.40002 5.15792
-4.39801 5.18062
-4.39525 5.2033
-4.39178 5.22592
-4.38759 5.24842
-4.38271 5.27076
-4.37717 5.29291
-4.37098 5.31483
-4.36417 5.33648
-4.35676 5.35783
-4.34878 5.37885
-4.34026 5.39951
-4.33123 5.41979
-4.32173 5.43965
-4.31177 5.45909
-4.30139 5.47808
-4.29062 5.49661
-4.2795 5.51465
-4.26806 5.53221
-4.25632 5.54927
-4.24433 5.56581
-4.23211 5.58185
-4.21969 5.59737
-4.20712 5.61237
-4.1944 5.62686
-4.18158 5.64083
-4.16869 5.6543
-4.15575 5.66726
-4.14279 5.67973
-4.12983 5.69172
-4.1169 5.70323
-4.10402 5.71428
-4.09122 5.72489
-4.07851 5.73507
-4.06591 5.74483
-4.05345 5.75418
-4.04113 5.76316
-4.02898 5.77177
-4.017 5.78003
-4.0052 5.78797
-3.99361 5.79559
-3.98223 5.80292
-3.97107 5.80998
-3.96013 5.81678
-3.94942 5.82335
-3.93895 5.8297
-3.92873 5.83585
-3.91875 5.84182
-3.90902 5.84763
-3.89955 5.8533
-3.89034 5.85883
-3.88138 5.86426
-3.87269 5.8696
-3.86425 5.87485
-3.85609 5.88005
-3.84819 5.88521
-3.84055 5.89033
-3.83319 5.89544
-3.8261 5.90056
-3.81929 5.90568
-3.81275 5.91084
-3.8065 5.91605
-3.80054 5.92131
-3.79487 5.92664
-3.78951 5.93206
-3.78446 5.93757
-3.77973 5.94319
-3.77533 5.94893
-3.77128 5.95479
-3.76759 5.96079
-3.76428 5.96694
-3.76137 5.97323
-3.75888 5.97968
-3.75683 5.98629
-3.75525 5.99305
-3.75417 5.99997
-3.75362 6.00703
-3.75364 6.01423
-3.75426 6.02154
-3.75551 6.02895
-3.75743 6.03643
-3.76007 6.04395
-3.76347 6.05146
-3.76765 6.05892
-3.77266 6.06626
-3.77851 6.07343
-3.78525 6.08034
-3.79288 6.08692
-3.80141 6.09306
-3.81084 6.09869
-3.82115 6.10368
-3.8323 6.10795
-3.84425 6.11138
-3.85693 6.11387
-3.87026 6.11534
-3.88414 6.11569
-3.89846 6.11486
-3.9131 6.11279
-3.92792 6.10945
-3.94279 6.10482
-3.95758 6.0989
-3.97214 6.09172
-3.98637 6.08332
-4.00013 6.07377
-4.01334 6.06314
-4.0259 6.05152
-4.03775 6.03899
-4.04884 6.02566
-4.05914 6.01162
-4.06861 5.99698
-4.07727 5.98181
-4.08512 5.96621
-4.09217 5.95024
-4.09845 5.93399
-4.10398 5.91749
-4.10881 5.90082
-4.11297 5.884
-4.1165 5.86707
-4.11943 5.85005
-4.12181 5.83296
-4.12366 5.81582
-4.12502 5.79862
-4.12593 5.78138
-4.1264 5.76409
-4.12646 5.74675
-4.12614 5.72935
-4.12544 5.71187
-4.12439 5.69432
-4.123 5.67667
-4.12128 5.65892
-4.11924 5.64104
-4.11688 5.62304
-4.11421 5.60489
-4.11122 5.58657
-4.10792 5.56808
-4.10431 5.5494
-4.10038 5.53051
-4.09613 5.51139
-4.09156 5.49204
-4.08665 5.47244
-4.0814 5.45257
-4.0758 5.43242
-4.06985 5.41197
-4.06353 5.3912
-4.05683 5.3701
-4.04974 5.34866
-4.04225 5.32685
-4.03435 5.30465
-4.02603 5.28205
-4.01727 5.25903
-4.00806 5.23556
-3.99839 5.21163
-3.98824 5.1872
-3.9776 5.16226
-3.96647 5.13678
-3.95482 5.11072
-3.94264 5.08407
-3.92994 5.05678
-3.91669 5.02883
-3.90288 5.00018
-3.88852 4.97078
-3.8736 4.9406
-3.85812 4.9096
-3.84209 4.87773
-3.82551 4.84493
-3.8084 4.81116
-3.79078 4.77636
-3.7727 4.74046
-3.75418 4.70339
-3.7353 4.66509
-3.71613 4.62546
-3.69676 4.58441
-3.67732 4.54183
-3.65796 4.49757
-3.63884 4.45148
-3.62016 4.40335
-3.60216 4.35293
-3.58505 4.29992
-3.56909 4.24395
-3.55449 4.18459
-3.54144 4.12137
-3.53006 4.05378
-3.5204 3.98131
-3.51247 3.90353
-3.50622 3.82007
-3.50164 3.73073
-3.49879 3.6354
-3.49785 3.53412
-3.49914 3.42701
-3.50318 3.31425
-3.51062 3.19604
-3.52227 3.07264
-3.53904 2.9443
-3.56195 2.81134
-3.59206 2.67414
-3.63049 2.53321
-3.67837 2.38916
-3.73681 2.24281
-3.80688 2.09513
-3.88955 1.94735
-3.98569 1.80089
-4.09594 1.65741
-4.22072 1.51877
-4.36014 1.38701
-4.51396 1.26427
-4.68152 1.15276
-4.86174 1.05464
-5.05312 0.971949
-5.25373 0.906467
-5.46129 0.85965
-5.67323 0.832532
-5.88681 0.82566
-6.09921 0.839067
-6.30768 0.87227
-6.50964 0.924302
-6.70275 0.993774
-6.88505 1.07896
-7.05496 1.17788
-7.21131 1.28842
-7.35335 1.40841
-7.48072 1.53573
-7.59339 1.66832
-7.69163 1.80432
-7.77595 1.94202
-7.84703 2.07995
-7.90569 2.21682
-7.95283 2.35158
-7.98939 2.48336
-8.01633 2.61147
-8.03458 2.7354
-8.04506 2.85476
-8.04862 2.9693
-8.04608 3.07886
-8.03818 3.18338
-8.02561 3.28285
-8.00899 3.37733
-7.9889 3.46691
-7.96583 3.55174
-7.94024 3.63197
-7.91254 3.70777
-7.88308 3.77932
-7.85219 3.84683
-7.82014 3.91048
-7.78717 3.97048
-7.7535 4.02702
-7.71932 4.08028
-7.68479 4.13045
-7.65004 4.17772
-7.6152 4.22225
-7.58037 4.2642
-7.54564 4.30375
-7.51108 4.34103
-7.47676 4.37619
-7.44272 4.40936
-7.40902 4.44068
-7.37568 4.47026
-7.34273 4.49822
-7.3102 4.52467
-7.2781 4.54972
-7.24645 4.57344
-7.21524 4.59595
-7.18449 4.61732
-7.1542 4.63764
-7.12436 4.65698
-7.09497 4.67542
-7.06602 4.69302
-7.03751 4.70986
-7.00943 4.72598
-6.98176 4.74146
-6.95449 4.75635
-6.92761 4.77069
-6.90111 4.78455
-6.87497 4.79797
-6.84918 4.81099
-6.82373 4.82366
-6.79859 4.83603
-6.77375 4.84814
-6.7492 4.86002
-6.72492 4.87171
-6.70089 4.88326
-6.6771 4.8947
-6.65354 4.90606
-6.63018 4.91739
-6.60702 4.92872
-6.58403 4.94008
-6.56121 4.95152
-6.53854 4.96306
-6.516 4.97474
-6.49359 4.9866
-6.47129 4.99868
-6.4491 5.01102
-6.42699 5.02364
-6.40497 5.0366
-6.38303 5.04994
-6.36115 5.06368
-6.33935 5.07789
-6.31761 5.09261
-6.29594 5.10788
-6.27435 5.12375
-6.25283 5.14028
-6.23141 5.15751
-6.21009 5.17551
-6.1889 5.19434
-6.16786 5.21405
-6.147 5.2347
-6.12637 5.25637
-6.10601 5.27912
-6.08598 5.30301
-6.06634 5.32813
-6.04718 5.35452
-6.02858 5.38228
-6.01064 5.41146
-5.9935 5.44212
-5.97729 5.47432
-5.96216 5.50812
-5.9483 5.54354
-5.93589 5.58062
-5.92515 5.61935
-5.91634 5.65972
-5.90969 5.70167
-5.9055 5.74514
-5.90404 5.78997
-5.90564 5.83601
-5.91058 5.88302
-5.91918 5.9307
-5.93172 5.97871
-5.94844 6.0266
-5.96956 6.07388
-5.99523 6.11999
-6.0255 6.16429
-6.06034 6.20612
-6.09961 6.24477
-6.14303 6.27954
-6.1902 6.30974
-6.2406 6.33474
-6.29356 6.35397
-6.34833 6.36699
-6.40408 6.37348
-6.45993 6.37327
-6.51498 6.36632
-6.56837 6.35278
-6.61928 6.33289
-6.66697 6.30704
-6.71082 6.27571
-6.75032 6.2394
-6.78508 6.1987
-6.81484 6.15415
-6.83943 6.10629
-6.85882 6.0556
-6.87304 6.00251
-6.88222 5.94735
-6.88651 5.89037
-6.88617 5.83171
-6.88146 5.77141
-6.87271 5.70942
-6.86027 5.64554
-6.84457 5.57949
-6.8261 5.51085
-6.80548 5.43908
-6.78346 5.36354
-6.76102 5.28349
-6.73943 5.19813
-6.72039 5.10669
-6.70608 5.00855
-6.69931 4.90348
-6.70356 4.792
-6.72282 4.67587
-6.76116 4.55862
-6.8219 4.44598
-6.90619 4.3459
-7.01166 4.26747
-7.13146 4.21895
-7.25499 4.20515
-7.37021 4.2256
-7.46676 4.27463
-7.53824 4.34332
-7.58276 4.42208
-7.60197 4.5028
-7.59947 4.5797
-7.57948 4.64933
-7.54593 4.71004
-7.50203 4.76141
-7.45016 4.80369
-7.39191 4.83747
-7.32819 4.86339
-7.25926 4.88203
-7.18477 4.89376
-7.10372 4.89866
-7.01425 4.89634
-6.91324 4.88567
-6.79548 4.86409
-6.65188 4.8261
-6.46546 4.75882
-6.20172 4.62702
-5.78828 4.30709
-5.2273 3.19269
-7.75256 1.09074
-8.79417 3.79216
-8.07637 4.49497
-7.64902 4.6409
-7.37474 4.655
-7.17479 4.61778
-7.01601 4.54896
-6.88453 4.45251
-6.77657 4.32682
-6.69584 4.1684
-6.6536 3.97488
-6.66898 3.74997
-6.76606 3.51131
-6.96223 3.29787
-7.24708 3.16524
-7.56915 3.15757
-7.85632 3.27409
-8.05844 3.46962
-8.16697 3.68865
-8.201 3.89299
-8.18621 4.06611
-8.1437 4.20548
-8.0876 4.31488
-8.02643 4.3999
-7.96487 4.46595
-7.90528 4.51761
-7.84864 4.55855
-7.79511 4.59162
-7.74434 4.61897
-7.69573 4.64224
-7.64851 4.66259
-7.60182 4.68082
-7.55476 4.69744
-7.5064 4.71266
-7.45582 4.72648
-7.40212 4.73871
-7.34436 4.74897
-7.28163 4.7567
-7.21294 4.76115
-7.13723 4.76137
-7.05331 4.75613
-6.95982 4.74384
-6.85515 4.72238
-6.7374 4.68889
-6.6043 4.63935
-6.45325 4.56804
-6.28147 4.46658
-6.08652 4.3224
-5.86771 4.11632
-5.6299 3.81895
-5.39246 3.38623
-5.21002 2.75824
-5.2126 1.87976
-5.64545 0.792737
-6.76373 -0.169623
-8.39949 -0.408226
-9.8318 0.258547
-10.5959 1.32699
-10.8092 2.31379
-10.7386 3.0684
-10.5579 3.61212
-10.3496 4.00134
-10.147 4.28399
-9.96158 4.49373
-9.79605 4.65299
-9.64946 4.77664
-9.51978 4.87462
-9.40476 4.95372
-9.30231 5.01864
-9.21061 5.07273
-9.12808 5.1184
-9.05342 5.15742
-8.98553 5.19112
-8.9235 5.22052
-8.86654 5.24638
-8.81403 5.26933
-8.7654 5.28984
-8.7202 5.3083
-8.67802 5.32502
-8.63854 5.34027
-8.60146 5.35425
-8.56652 5.36714
-8.53353 5.37909
-8.50227 5.39022
-8.4726 5.40064
-8.44435 5.41045
-8.41742 5.41971
-8.39168 5.4285
-8.36704 5.43687
-8.34341 5.44489
-8.3207 5.45258
-8.29885 5.46
-8.27781 5.46718
-8.2575 5.47414
-8.23787 5.48091
-8.2189 5.48753
-8.20052 5.49401
-8.1827 5.50036
-8.16541 5.50661
-8.14862 5.51278
-8.13229 5.51888
-8.1164 5.52491
-8.10093 5.5309
-8.08585 5.53685
-8.07114 5.54277
-8.05678 5.54867
-8.04275 5.55457
-8.02905 5.56046
-8.01564 5.56636
-8.00251 5.57227
-7.98967 5.5782
-7.97708 5.58415
-7.96473 5.59013
-7.95263 5.59615
-7.94075 5.60221
-7.92909 5.60831
-7.91764 5.61446
-7.90639 5.62067
-7.89533 5.62694
-7.88445 5.63326
-7.87376 5.63965
-7.86323 5.64612
-7.85287 5.65265
-7.84267 5.65926
-7.83263 5.66595
-7.82274 5.67273
-7.81299 5.67958
-7.80339 5.68653
-7.79393 5.69357
-7.7846 5.70069
-7.77541 5.70792
-7.76635 5.71524
-7.75743 5.72266
-7.74863 5.73018
-7.73996 5.7378
-7.73141 5.74553
-7.72299 5.75336
-7.7147 5.76129
-7.70654 5.76934
-7.6985 5.77748
-7.69058 5.78574
-7.6828 5.79411
-7.67514 5.80258
-7.66761 5.81116
-7.66022 5.81984
-7.65296 5.82863
-7.64583 5.83753
-7.63885 5.84653
-7.632 5.85562
-7.62531 5.86482
-7.61875 5.87412
-7.61236 5.88351
-7.60611 5.89299
-7.60003 5.90256
-7.5941 5.91221
-7.58835 5.92195
-7.58277 5.93176
-7.57736 5.94164
-7.57214 5.9516
-7.5671 5.96161
-7.56226 5.97168
-7.55761 5.98181
-7.55316 5.99198
-7.54893 6.00219
-7.5449 6.01243
-7.5411 6.0227
-7.53752 6.03299
-7.53418 6.0433
-7.53108 6.0536
-7.52822 6.06391
-7.52561 6.07421
-7.52326 6.08449
-7.52117 6.09474
-7.51936 6.10496
-7.51782 6.11514
-7.51657 6.12527
-7.51561 6.13535
-7.51494 6.14537
-7.51459 6.15531
-7.51454 6.16518
-7.51481 6.17497
-7.51541 6.18467
-7.51634 6.19427
-7.5176 6.20377
-7.51921 6.21318
-7.52117 6.22247
-7.52347 6.23166
-7.52614 6.24073
-7.52917 6.2497
-7.53257 6.25855
-7.53633 6.26729
-7.54046 6.27592
-7.54497 6.28445
-7.54984 6.29287
-7.55508 6.3012
-7.56069 6.30945
-7.56666 6.31761
-7.57298 6.32569
-7.57965 6.33371
-7.58665 6.34168
-7.59399 6.34961
-7.60163 6.3575
-7.60957 6.36537
-7.61779 6.37323
-7.62627 6.38109
-7.63498 6.38897
-7.64391 6.39687
-7.65304 6.40479
-7.66232 6.41277
-7.67175 6.42078
-7.68128 6.42886
-7.6909 6.43699
-7.70057 6.44519
-7.71026 6.45346
-7.71994 6.46179
-7.72959 6.47019
-7.73918 6.47866
-7.74868 6.48718
-7.75807 6.49577
-7.76732 6.50441
-7.77641 6.51309
-7.78532 6.52182
-7.79404 6.53058
-7.80254 6.53937
-7.81081 6.54817
-7.81884 6.55699
-7.82663 6.56581
-7.83416 6.57463
-7.84142 6.58344
-7.84841 6.59223
-7.85514 6.60101
-7.86159 6.60976
-7.86777 6.61848
-7.87368 6.62717
-7.87932 6.63583
-7.8847 6.64445
-7.88982 6.65304
-7.89469 6.6616
-7.8993 6.67012
-7.90368 6.67861
-7.90783 6.68707
-7.91175 6.6955
-7.91545 6.7039
-7.91895 6.71229
-7.92225 6.72066
-7.92535 6.72901
-7.92828 6.73736
-7.93103 6.74571
-7.93362 6.75406
-7.93606 6.76241
-7.93835 6.77078
-7.94051 6.77917
-7.94254 6.78758
-7.94445 6.79602
-7.94626 6.80449
-7.94797 6.81301
-7.94959 6.82157
-7.95113 6.83017
-7.95261 6.83884
-7.95402 6.84756
-7.95538 6.85634
-7.95669 6.8652
-7.95797 6.87412
-7.95923 6.88312
-7.96047 6.8922
-7.96171 6.90136
-7.96294 6.9106
-7.96419 6.91993
-7.96546 6.92935
-7.96676 6.93886
-7.9681 6.94845
-7.96948 6.95814
-7.97092 6.96792
-7.97243 6.97779
-7.97401 6.98775
-7.97568 6.9978
-7.97743 7.00794
-7.97929 7.01816
-7.98126 7.02846
-7.98335 7.03883
-7.98556 7.04928
-7.98791 7.0598
-7.9904 7.07038
-7.99304 7.08101
-7.99584 7.0917
-7.99881 7.10242
-8.00196 7.11318
-8.00528 7.12397
-8.00879 7.13477
-8.01249 7.14557
-8.01638 7.15636
-8.02048 7.16714
-8.02479 7.17789
-8.0293 7.1886
-8.03402 7.19925
-8.03896 7.20983
-8.04411 7.22033
-8.04948 7.23073
-8.05505 7.24102
-8.06084 7.25118
-8.06683 7.2612
-8.07302 7.27106
-8.07941 7.28075
-8.086 7.29025
-8.09276 7.29955
-8.0997 7.30863
-8.1068 7.31748
-8.11405 7.32608
-8.12144 7.33443
-8.12896 7.34251
-8.13658 7.35031
-8.14431 7.35782
-8.15211 7.36503
-8.15998 7.37193
-8.1679 7.37852
-8.17584 7.38479
-8.18379 7.39073
-8.19174 7.39635
-8.19965 7.40165
-8.20752 7.40661
-8.21532 7.41126
-8.22303 7.41558
-8.23064 7.41958
-8.23813 7.42328
-8.24548 7.42667
-8.25267 7.42976
-8.25969 7.43257
-8.26653 7.43511
-8.27316 7.43739
-8.27958 7.43941
-8.28577 7.4412
-8.29172 7.44277
-8.29742 7.44413
-8.30287 7.4453
-8.30805 7.44629
-8.31295 7.44713
-8.31759 7.44782
-8.32194 7.44839
-8.326 7.44885
-8.32978 7.44922
-8.33327 7.44951
-8.33647 7.44974
-8.33938 7.44992
-8.34201 7.45008
-8.34435 7.45023
-8.34641 7.45038
-8.34819 7.45055
-8.3497 7.45075
-8.35094 7.451
-8.35191 7.4513
-8.35263 7.45168
-8.35309 7.45214
-8.35331 7.4527
-8.35329 7.45337
-8.35304 7.45415
-8.35257 7.45507
-8.35188 7.45612
-8.35098 7.45733
-8.34987 7.4587
-8.34858 7.46024
-8.3471 7.46195
-8.34544 7.46385
