Path for ray(in pc) -12 -8
Points calculated each 200 days for 1000 years.
-4.41286 -4.79111
-4.41072 -4.78999
-4.40857 -4.78887
-4.4064 -4.78773
-4.40421 -4.78657
-4.402 -4.7854
-4.39978 -4.78422
-4.39754 -4.78302
-4.39528 -4.7818
-4.39301 -4.78057
-4.39071 -4.77932
-4.3884 -4.77806
-4.38607 -4.77678
-4.38372 -4.77549
-4.38136 -4.77417
-4.37897 -4.77285
-4.37657 -4.7715
-4.37415 -4.77014
-4.37171 -4.76876
-4.36925 -4.76737
-4.36677 -4.76596
-4.36428 -4.76453
-4.36176 -4.76308
-4.35923 -4.76162
-4.35668 -4.76013
-4.3541 -4.75863
-4.35151 -4.75711
-4.3489 -4.75557
-4.34627 -4.75402
-4.34362 -4.75244
-4.34095 -4.75085
-4.33826 -4.74923
-4.33554 -4.7476
-4.33281 -4.74594
-4.33006 -4.74427
-4.32729 -4.74258
-4.3245 -4.74086
-4.32168 -4.73913
-4.31885 -4.73737
-4.31599 -4.73559
-4.31312 -4.7338
-4.31022 -4.73198
-4.3073 -4.73013
-4.30436 -4.72827
-4.3014 -4.72638
-4.29842 -4.72447
-4.29541 -4.72254
-4.29239 -4.72059
-4.28934 -4.71861
-4.28627 -4.71661
-4.28317 -4.71458
-4.28006 -4.71253
-4.27692 -4.71046
-4.27376 -4.70836
-4.27057 -4.70623
-4.26737 -4.70408
-4.26414 -4.70191
-4.26089 -4.6997
-4.25761 -4.69748
-4.25431 -4.69522
-4.25099 -4.69294
-4.24764 -4.69063
-4.24427 -4.6883
-4.24087 -4.68593
-4.23746 -4.68354
-4.23401 -4.68112
-4.23055 -4.67867
-4.22705 -4.67619
-4.22354 -4.67368
-4.22 -4.67114
-4.21643 -4.66857
-4.21284 -4.66597
-4.20922 -4.66334
-4.20558 -4.66067
-4.20191 -4.65798
-4.19822 -4.65525
-4.1945 -4.65249
-4.19076 -4.6497
-4.18699 -4.64687
-4.18319 -4.64401
-4.17937 -4.64111
-4.17552 -4.63818
-4.17164 -4.63521
-4.16774 -4.63221
-4.16381 -4.62917
-4.15985 -4.6261
-4.15587 -4.62298
-4.15186 -4.61983
-4.14782 -4.61664
-4.14375 -4.61342
-4.13966 -4.61015
-4.13554 -4.60684
-4.13139 -4.60349
-4.12721 -4.60011
-4.12301 -4.59668
-4.11877 -4.5932
-4.11451 -4.58969
-4.11022 -4.58613
-4.1059 -4.58253
-4.10155 -4.57888
-4.09717 -4.57519
-4.09277 -4.57145
-4.08833 -4.56767
-4.08386 -4.56384
-4.07937 -4.55996
-4.07485 -4.55603
-4.07029 -4.55206
-4.06571 -4.54803
-4.06109 -4.54395
-4.05645 -4.53983
-4.05178 -4.53565
-4.04707 -4.53142
-4.04234 -4.52713
-4.03757 -4.52279
-4.03278 -4.5184
-4.02795 -4.51395
-4.02309 -4.50944
-4.01821 -4.50488
-4.01329 -4.50026
-4.00834 -4.49558
-4.00336 -4.49084
-3.99835 -4.48604
-3.9933 -4.48117
-3.98823 -4.47625
-3.98312 -4.47126
-3.97799 -4.46621
-3.97282 -4.46109
-3.96762 -4.4559
-3.96239 -4.45065
-3.95713 -4.44533
-3.95183 -4.43994
-3.94651 -4.43448
-3.94115 -4.42894
-3.93576 -4.42334
-3.93035 -4.41766
-3.92489 -4.4119
-3.91941 -4.40607
-3.9139 -4.40016
-3.90835 -4.39418
-3.90278 -4.38811
-3.89717 -4.38196
-3.89153 -4.37574
-3.88586 -4.36942
-3.88016 -4.36303
-3.87443 -4.35654
-3.86867 -4.34997
-3.86288 -4.34331
-3.85706 -4.33656
-3.85121 -4.32972
-3.84533 -4.32278
-3.83941 -4.31575
-3.83347 -4.30863
-3.8275 -4.3014
-3.8215 -4.29408
-3.81548 -4.28666
-3.80942 -4.27913
-3.80334 -4.2715
-3.79723 -4.26376
-3.79109 -4.25592
-3.78492 -4.24797
-3.77873 -4.2399
-3.77251 -4.23173
-3.76627 -4.22344
-3.76 -4.21503
-3.7537 -4.2065
-3.74738 -4.19786
-3.74104 -4.18909
-3.73468 -4.18019
-3.72829 -4.17117
-3.72189 -4.16203
-3.71546 -4.15275
-3.70901 -4.14334
-3.70254 -4.13379
-3.69605 -4.12411
-3.68955 -4.11429
-3.68303 -4.10432
-3.6765 -4.09421
-3.66995 -4.08396
-3.66338 -4.07356
-3.65681 -4.063
-3.65022 -4.0523
-3.64362 -4.04143
-3.63701 -4.03041
-3.6304 -4.01923
-3.62378 -4.00788
-3.61716 -3.99636
-3.61053 -3.98468
-3.6039 -3.97282
-3.59727 -3.96079
-3.59064 -3.94859
-3.58402 -3.9362
-3.57741 -3.92362
-3.5708 -3.91086
-3.5642 -3.89791
-3.55761 -3.88477
-3.55103 -3.87143
-3.54448 -3.8579
-3.53794 -3.84416
-3.53142 -3.83022
-3.52493 -3.81606
-3.51846 -3.8017
-3.51203 -3.78712
-3.50562 -3.77232
-3.49925 -3.7573
-3.49292 -3.74206
-3.48664 -3.72658
-3.4804 -3.71087
-3.4742 -3.69493
-3.46806 -3.67875
-3.46198 -3.66233
-3.45596 -3.64566
-3.45001 -3.62874
-3.44412 -3.61156
-3.43831 -3.59413
-3.43258 -3.57644
-3.42693 -3.55848
-3.42137 -3.54025
-3.4159 -3.52176
-3.41054 -3.50298
-3.40528 -3.48393
-3.40013 -3.4646
-3.39509 -3.44498
-3.39019 -3.42507
-3.38541 -3.40486
-3.38077 -3.38436
-3.37627 -3.36356
-3.37192 -3.34245
-3.36773 -3.32104
-3.36371 -3.29932
-3.35987 -3.27728
-3.3562 -3.25493
-3.35273 -3.23226
-3.34946 -3.20926
-3.34639 -3.18594
-3.34355 -3.16229
-3.34093 -3.13832
-3.33856 -3.114
-3.33643 -3.08936
-3.33456 -3.06438
-3.33296 -3.03905
-3.33164 -3.01339
-3.33062 -2.98739
-3.3299 -2.96104
-3.32949 -2.93436
-3.32942 -2.90732
-3.3297 -2.87995
-3.33032 -2.85222
-3.33132 -2.82416
-3.3327 -2.79575
-3.33449 -2.767
-3.33668 -2.73791
-3.3393 -2.70849
-3.34237 -2.67873
-3.34589 -2.64863
-3.34989 -2.61821
-3.35438 -2.58746
-3.35937 -2.5564
-3.3649 -2.52502
-3.37096 -2.49333
-3.37758 -2.46134
-3.38478 -2.42905
-3.39257 -2.39648
-3.40097 -2.36364
-3.41001 -2.33052
-3.41969 -2.29715
-3.43004 -2.26353
-3.44107 -2.22967
-3.45281 -2.1956
-3.46527 -2.16132
-3.47847 -2.12685
-3.49242 -2.0922
-3.50716 -2.0574
-3.52269 -2.02245
-3.53903 -1.98738
-3.55621 -1.95222
-3.57423 -1.91697
-3.59311 -1.88167
-3.61288 -1.84633
-3.63354 -1.81098
-3.65511 -1.77566
-3.67761 -1.74037
-3.70104 -1.70516
-3.72543 -1.67006
-3.75079 -1.63508
-3.77712 -1.60028
-3.80443 -1.56566
-3.83274 -1.53129
-3.86204 -1.49717
-3.89236 -1.46337
-3.92369 -1.4299
-3.95603 -1.3968
-3.98938 -1.36413
-4.02376 -1.3319
-4.05914 -1.30018
-4.09554 -1.26899
-4.13294 -1.23837
-4.17134 -1.20838
-4.21073 -1.17904
-4.25109 -1.15041
-4.29242 -1.12252
-4.33469 -1.09542
-4.37788 -1.06915
-4.42199 -1.04375
-4.46698 -1.01925
-4.51283 -0.995711
-4.55951 -0.97316
-4.60699 -0.95164
-4.65524 -0.931186
-4.70423 -0.911838
-4.75392 -0.893628
-4.80428 -0.876592
-4.85526 -0.860761
-4.90681 -0.846166
-4.95891 -0.832835
-5.01149 -0.820794
-5.06452 -0.810068
-5.11795 -0.800679
-5.17172 -0.792646
-5.22578 -0.785986
-5.28009 -0.780713
-5.33459 -0.776841
-5.38922 -0.774377
-5.44394 -0.773328
-5.49868 -0.773699
-5.55339 -0.775489
-5.60802 -0.778696
-5.66252 -0.783317
-5.71682 -0.789343
-5.77088 -0.796764
-5.82464 -0.805567
-5.87805 -0.815736
-5.93105 -0.827254
-5.98361 -0.840098
-6.03567 -0.854247
-6.08719 -0.869675
-6.13811 -0.886354
-6.1884 -0.904255
-6.23801 -0.923346
-6.2869 -0.943593
-6.33504 -0.964962
-6.3824 -0.987417
-6.42892 -1.01092
-6.4746 -1.03543
-6.51939 -1.06091
-6.56327 -1.08731
-6.60622 -1.11461
-6.64821 -1.14274
-6.68923 -1.17168
-6.72925 -1.20138
-6.76827 -1.23179
-6.80626 -1.26287
-6.84322 -1.29458
-6.87914 -1.32688
-6.91401 -1.35972
-6.94783 -1.39306
-6.9806 -1.42686
-7.01231 -1.46108
-7.04297 -1.49568
-7.07257 -1.53062
-7.10113 -1.56586
-7.12864 -1.60136
-7.15513 -1.63709
-7.18058 -1.67301
-7.20502 -1.70909
-7.22846 -1.74529
-7.2509 -1.78159
-7.27237 -1.81795
-7.29287 -1.85433
-7.31242 -1.89072
-7.33104 -1.92709
-7.34874 -1.9634
-7.36553 -1.99964
-7.38145 -2.03578
-7.3965 -2.0718
-7.41071 -2.10768
-7.42408 -2.14339
-7.43665 -2.17892
-7.44843 -2.21425
-7.45944 -2.24936
-7.46969 -2.28424
-7.47922 -2.31888
-7.48803 -2.35325
-7.49615 -2.38735
-7.5036 -2.42116
-7.5104 -2.45468
-7.51656 -2.48789
-7.52211 -2.52078
-7.52706 -2.55335
-7.53143 -2.58559
-7.53524 -2.6175
-7.53851 -2.64905
-7.54126 -2.68026
-7.5435 -2.71112
-7.54526 -2.74162
-7.54654 -2.77175
-7.54736 -2.80152
-7.54775 -2.83093
-7.54771 -2.85996
-7.54727 -2.88863
-7.54643 -2.91692
-7.54521 -2.94484
-7.54364 -2.97239
-7.54171 -2.99957
-7.53944 -3.02638
-7.53686 -3.05281
-7.53396 -3.07888
-7.53077 -3.10458
-7.52729 -3.12991
-7.52354 -3.15488
-7.51953 -3.17949
-7.51526 -3.20374
-7.51076 -3.22763
-7.50603 -3.25117
-7.50108 -3.27435
-7.49592 -3.29719
-7.49057 -3.31968
-7.48502 -3.34184
-7.47929 -3.36365
-7.47339 -3.38513
-7.46733 -3.40628
-7.46111 -3.4271
-7.45474 -3.4476
-7.44823 -3.46778
-7.44159 -3.48764
-7.43482 -3.50719
-7.42793 -3.52644
-7.42093 -3.54538
-7.41382 -3.56402
-7.40661 -3.58236
-7.39931 -3.60042
-7.39191 -3.61818
-7.38444 -3.63566
-7.37688 -3.65287
-7.36925 -3.66979
-7.36155 -3.68645
-7.35379 -3.70284
-7.34596 -3.71896
-7.33808 -3.73483
-7.33015 -3.75044
-7.32218 -3.7658
-7.31415 -3.78091
-7.30609 -3.79578
-7.29799 -3.81041
-7.28986 -3.8248
-7.2817 -3.83896
-7.27351 -3.85289
-7.2653 -3.86659
-7.25707 -3.88008
-7.24882 -3.89334
-7.24055 -3.90639
-7.23227 -3.91923
-7.22398 -3.93187
-7.21568 -3.9443
-7.20737 -3.95653
-7.19906 -3.96856
-7.19075 -3.98039
-7.18244 -3.99204
-7.17413 -4.0035
-7.16582 -4.01477
-7.15752 -4.02587
-7.14922 -4.03678
-7.14093 -4.04752
-7.13265 -4.05808
-7.12439 -4.06848
-7.11613 -4.07871
-7.10789 -4.08878
-7.09967 -4.09868
-7.09146 -4.10843
-7.08326 -4.11802
-7.07509 -4.12745
-7.06693 -4.13674
-7.0588 -4.14588
-7.05068 -4.15487
-7.04259 -4.16372
-7.03452 -4.17243
-7.02648 -4.181
-7.01845 -4.18943
-7.01046 -4.19773
-7.00248 -4.2059
-6.99454 -4.21393
-6.98662 -4.22185
-6.97873 -4.22963
-6.97086 -4.23729
-6.96303 -4.24484
-6.95522 -4.25226
-6.94744 -4.25957
-6.93969 -4.26676
-6.93197 -4.27383
-6.92428 -4.2808
-6.91662 -4.28766
-6.909 -4.29441
-6.9014 -4.30105
-6.89383 -4.30759
-6.8863 -4.31402
-6.8788 -4.32036
-6.87133 -4.3266
-6.86389 -4.33273
-6.85648 -4.33878
-6.84911 -4.34473
-6.84177 -4.35058
-6.83446 -4.35635
-6.82719 -4.36202
-6.81994 -4.36761
-6.81273 -4.3731
-6.80556 -4.37852
-6.79841 -4.38385
-6.7913 -4.38909
-6.78423 -4.39426
-6.77718 -4.39934
-6.77017 -4.40435
-6.76319 -4.40927
-6.75625 -4.41412
-6.74934 -4.4189
-6.74246 -4.4236
-6.73561 -4.42823
-6.7288 -4.43278
-6.72202 -4.43727
-6.71527 -4.44168
-6.70856 -4.44603
-6.70188 -4.45031
-6.69523 -4.45452
-6.68861 -4.45867
-6.68203 -4.46275
-6.67548 -4.46677
-6.66896 -4.47073
-6.66247 -4.47463
-6.65602 -4.47846
-6.64959 -4.48223
-6.6432 -4.48595
-6.63684 -4.48961
-6.63051 -4.49321
-6.62422 -4.49675
-6.61795 -4.50024
-6.61172 -4.50368
-6.60552 -4.50706
-6.59935 -4.51039
-6.59321 -4.51366
-6.5871 -4.51689
-6.58102 -4.52006
-6.57497 -4.52319
-6.56895 -4.52626
-6.56296 -4.52929
-6.557 -4.53226
-6.55107 -4.5352
-6.54517 -4.53808
-6.5393 -4.54092
-6.53346 -4.54371
-6.52765 -4.54646
-6.52187 -4.54917
-6.51612 -4.55183
-6.51039 -4.55445
-6.5047 -4.55703
-6.49903 -4.55956
-6.49339 -4.56206
-6.48778 -4.56452
-6.4822 -4.56693
-6.47664 -4.56931
-6.47111 -4.57165
-6.46561 -4.57395
-6.46014 -4.57621
-6.45469 -4.57843
-6.44927 -4.58062
-6.44388 -4.58278
-6.43852 -4.58489
-6.43318 -4.58697
-6.42786 -4.58902
-6.42258 -4.59104
-6.41732 -4.59302
-6.41208 -4.59496
-6.40687 -4.59688
-6.40169 -4.59876
-6.39653 -4.60061
-6.3914 -4.60243
-6.38629 -4.60421
-6.38121 -4.60597
-6.37615 -4.6077
-6.37112 -4.6094
-6.36611 -4.61106
-6.36113 -4.6127
-6.35617 -4.61431
-6.35123 -4.61589
-6.34632 -4.61745
-6.34143 -4.61897
-6.33656 -4.62047
-6.33172 -4.62194
-6.3269 -4.62339
-6.32211 -4.62481
-6.31733 -4.6262
-6.31258 -4.62757
-6.30786 -4.62891
-6.30315 -4.63023
-6.29847 -4.63152
-6.29381 -4.63279
-6.28917 -4.63404
-6.28456 -4.63526
-6.27996 -4.63646
-6.27539 -4.63764
-6.27084 -4.63879
-6.26631 -4.63992
-6.2618 -4.64103
-6.25731 -4.64211
-6.25285 -4.64318
-6.2484 -4.64422
-6.24398 -4.64524
-6.23958 -4.64624
-6.23519 -4.64722
-6.23083 -4.64819
-6.22649 -4.64913
-6.22216 -4.65005
-6.21786 -4.65095
-6.21358 -4.65183
-6.20932 -4.65269
-6.20507 -4.65353
-6.20085 -4.65436
-6.19664 -4.65517
-6.19246 -4.65595
-6.18829 -4.65672
-6.18414 -4.65748
-6.18001 -4.65821
-6.1759 -4.65893
-6.17181 -4.65963
-6.16774 -4.66031
-6.16369 -4.66098
-6.15965 -4.66163
-6.15563 -4.66226
-6.15163 -4.66288
-6.14765 -4.66348
-6.14368 -4.66407
-6.13974 -4.66464
-6.13581 -4.66519
-6.1319 -4.66573
-6.128 -4.66626
-6.12413 -4.66677
-6.12027 -4.66726
-6.11642 -4.66774
-6.1126 -4.66821
-6.10879 -4.66866
-6.105 -4.6691
-6.10122 -4.66952
-6.09746 -4.66994
-6.09372 -4.67033
-6.09 -4.67072
-6.08629 -4.67109
-6.08259 -4.67144
-6.07891 -4.67179
-6.07525 -4.67212
-6.07161 -4.67244
-6.06798 -4.67274
-6.06436 -4.67304
-6.06076 -4.67332
-6.05718 -4.67359
-6.05361 -4.67385
-6.05006 -4.67409
-6.04652 -4.67433
-6.043 -4.67455
-6.03949 -4.67476
-6.036 -4.67496
-6.03252 -4.67515
-6.02906 -4.67533
-6.02561 -4.6755
-6.02218 -4.67565
-6.01876 -4.6758
-6.01535 -4.67593
-6.01196 -4.67606
-6.00859 -4.67617
-6.00522 -4.67628
-6.00188 -4.67637
-5.99854 -4.67646
-5.99522 -4.67653
-5.99192 -4.6766
-5.98862 -4.67665
-5.98535 -4.6767
-5.98208 -4.67674
-5.97883 -4.67676
-5.97559 -4.67678
-5.97236 -4.67679
-5.96915 -4.67679
-5.96595 -4.67678
-5.96277 -4.67676
-5.9596 -4.67674
-5.95644 -4.6767
-5.95329 -4.67666
-5.95016 -4.67661
-5.94704 -4.67655
-5.94393 -4.67648
-5.94083 -4.6764
-5.93775 -4.67632
-5.93468 -4.67623
-5.93162 -4.67613
-5.92857 -4.67602
-5.92554 -4.67591
-5.92252 -4.67578
-5.91951 -4.67565
-5.91651 -4.67552
-5.91353 -4.67537
-5.91055 -4.67522
-5.90759 -4.67506
-5.90464 -4.67489
-5.90171 -4.67472
-5.89878 -4.67454
-5.89586 -4.67436
-5.89296 -4.67416
-5.89007 -4.67396
-5.88719 -4.67376
-5.88432 -4.67354
-5.88146 -4.67332
-5.87862 -4.6731
-5.87578 -4.67287
-5.87296 -4.67263
-5.87014 -4.67238
-5.86734 -4.67213
-5.86455 -4.67188
-5.86177 -4.67161
-5.859 -4.67135
-5.85624 -4.67107
-5.85349 -4.67079
-5.85075 -4.67051
-5.84802 -4.67022
-5.84531 -4.66992
-5.8426 -4.66962
-5.83991 -4.66931
-5.83722 -4.669
-5.83454 -4.66868
-5.83188 -4.66836
-5.82922 -4.66803
-5.82658 -4.6677
-5.82394 -4.66736
-5.82132 -4.66702
-5.8187 -4.66667
-5.8161 -4.66632
-5.8135 -4.66597
-5.81092 -4.6656
-5.80834 -4.66524
-5.80578 -4.66487
-5.80322 -4.66449
-5.80067 -4.66411
-5.79814 -4.66373
-5.79561 -4.66334
-5.79309 -4.66295
-5.79058 -4.66255
-5.78808 -4.66215
-5.78559 -4.66175
-5.78311 -4.66134
-5.78063 -4.66092
-5.77817 -4.66051
-5.77572 -4.66008
-5.77327 -4.65966
-5.77084 -4.65923
-5.76841 -4.6588
-5.76599 -4.65836
-5.76358 -4.65792
-5.76118 -4.65748
-5.75879 -4.65703
-5.7564 -4.65658
-5.75403 -4.65613
-5.75166 -4.65567
-5.74931 -4.65521
-5.74696 -4.65475
-5.74462 -4.65428
-5.74228 -4.65381
-5.73996 -4.65334
-5.73764 -4.65286
-5.73534 -4.65238
-5.73304 -4.6519
-5.73075 -4.65141
-5.72846 -4.65092
-5.72619 -4.65043
-5.72392 -4.64994
-5.72166 -4.64944
-5.71941 -4.64894
-5.71717 -4.64844
-5.71493 -4.64793
-5.71271 -4.64743
-5.71049 -4.64691
-5.70827 -4.6464
-5.70607 -4.64589
-5.70387 -4.64537
-5.70168 -4.64485
-5.6995 -4.64432
-5.69733 -4.6438
-5.69516 -4.64327
-5.693 -4.64274
-5.69085 -4.64221
-5.68871 -4.64167
-5.68657 -4.64114
-5.68444 -4.6406
-5.68232 -4.64006
-5.68021 -4.63951
-5.6781 -4.63897
-5.676 -4.63842
-5.6739 -4.63787
-5.67182 -4.63732
-5.66974 -4.63677
-5.66766 -4.63622
-5.6656 -4.63566
-5.66354 -4.6351
-5.66149 -4.63454
-5.65944 -4.63398
-5.6574 -4.63342
-5.65537 -4.63285
-5.65335 -4.63228
-5.65133 -4.63172
-5.64932 -4.63115
-5.64731 -4.63057
-5.64531 -4.63
-5.64332 -4.62943
-5.64134 -4.62885
-5.63936 -4.62827
-5.63738 -4.6277
-5.63542 -4.62712
-5.63346 -4.62654
-5.6315 -4.62595
-5.62956 -4.62537
-5.62761 -4.62478
-5.62568 -4.6242
-5.62375 -4.62361
-5.62183 -4.62302
-5.61991 -4.62243
-5.618 -4.62184
-5.61609 -4.62125
-5.61419 -4.62066
-5.6123 -4.62007
-5.61041 -4.61947
-5.60853 -4.61888
-5.60666 -4.61828
-5.60479 -4.61768
-5.60292 -4.61708
-5.60106 -4.61649
-5.59921 -4.61589
-5.59736 -4.61529
-5.59552 -4.61468
-5.59369 -4.61408
-5.59186 -4.61348
-5.59003 -4.61288
-5.58821 -4.61227
-5.5864 -4.61167
-5.58459 -4.61106
-5.58279 -4.61046
-5.58099 -4.60985
-5.5792 -4.60924
-5.57741 -4.60864
-5.57563 -4.60803
-5.57385 -4.60742
-5.57208 -4.60681
-5.57031 -4.6062
-5.56855 -4.60559
-5.56679 -4.60498
-5.56504 -4.60437
-5.5633 -4.60376
-5.56155 -4.60315
-5.55982 -4.60254
-5.55809 -4.60193
-5.55636 -4.60132
-5.55464 -4.60071
-5.55292 -4.6001
-5.55121 -4.59948
-5.5495 -4.59887
-5.5478 -4.59826
-5.5461 -4.59765
-5.5444 -4.59704
-5.54272 -4.59642
-5.54103 -4.59581
-5.53935 -4.5952
-5.53768 -4.59459
-5.536 -4.59397
-5.53434 -4.59336
-5.53268 -4.59275
-5.53102 -4.59214
-5.52937 -4.59152
-5.52772 -4.59091
-5.52607 -4.5903
-5.52443 -4.58969
-5.52279 -4.58908
-5.52116 -4.58846
-5.51953 -4.58785
-5.51791 -4.58724
-5.51629 -4.58663
-5.51468 -4.58602
-5.51306 -4.58541
-5.51146 -4.5848
-5.50985 -4.58419
-5.50825 -4.58358
-5.50666 -4.58297
-5.50507 -4.58237
-5.50348 -4.58176
-5.50189 -4.58115
-5.50031 -4.58054
-5.49874 -4.57994
-5.49716 -4.57933
-5.49559 -4.57872
-5.49403 -4.57812
-5.49247 -4.57751
-5.49091 -4.57691
-5.48935 -4.5763
-5.4878 -4.5757
-5.48626 -4.5751
-5.48471 -4.5745
-5.48317 -4.57389
-5.48163 -4.57329
-5.4801 -4.57269
-5.47857 -4.57209
-5.47704 -4.57149
-5.47552 -4.57089
-5.474 -4.5703
-5.47248 -4.5697
-5.47097 -4.5691
-5.46946 -4.56851
-5.46795 -4.56791
-5.46645 -4.56732
-5.46495 -4.56672
-5.46345 -4.56613
-5.46195 -4.56554
-5.46046 -4.56495
-5.45897 -4.56436
-5.45748 -4.56377
-5.456 -4.56318
-5.45452 -4.56259
-5.45304 -4.562
-5.45157 -4.56142
-5.4501 -4.56083
-5.44863 -4.56025
-5.44716 -4.55966
-5.4457 -4.55908
-5.44424 -4.5585
-5.44278 -4.55792
-5.44133 -4.55734
-5.43987 -4.55676
-5.43842 -4.55618
-5.43698 -4.55561
-5.43553 -4.55503
-5.43409 -4.55446
-5.43265 -4.55388
-5.43121 -4.55331
-5.42978 -4.55274
-5.42834 -4.55217
-5.42691 -4.5516
-5.42548 -4.55103
-5.42406 -4.55046
-5.42263 -4.54989
-5.42121 -4.54933
-5.41979 -4.54877
-5.41838 -4.5482
-5.41696 -4.54764
-5.41555 -4.54708
-5.41414 -4.54652
-5.41273 -4.54596
-5.41133 -4.5454
-5.40992 -4.54485
-5.40852 -4.54429
-5.40712 -4.54374
-5.40572 -4.54319
-5.40433 -4.54264
-5.40293 -4.54209
-5.40154 -4.54154
-5.40015 -4.54099
-5.39876 -4.54044
-5.39737 -4.5399
-5.39599 -4.53935
-5.3946 -4.53881
-5.39322 -4.53827
-5.39184 -4.53773
-5.39046 -4.53719
-5.38908 -4.53665
-5.38771 -4.53612
-5.38634 -4.53558
-5.38496 -4.53505
-5.38359 -4.53452
-5.38222 -4.53399
-5.38085 -4.53346
-5.37949 -4.53293
-5.37812 -4.5324
-5.37676 -4.53188
-5.3754 -4.53135
-5.37404 -4.53083
-5.37268 -4.53031
-5.37132 -4.52979
-5.36996 -4.52927
-5.3686 -4.52876
-5.36725 -4.52824
-5.36589 -4.52773
-5.36454 -4.52721
-5.36319 -4.5267
-5.36184 -4.52619
-5.36049 -4.52569
-5.35914 -4.52518
-5.35779 -4.52467
-5.35645 -4.52417
-5.3551 -4.52367
-5.35376 -4.52317
-5.35241 -4.52267
-5.35107 -4.52217
-5.34973 -4.52167
-5.34838 -4.52118
-5.34704 -4.52069
-5.3457 -4.52019
-5.34436 -4.5197
-5.34303 -4.51921
-5.34169 -4.51873
-5.34035 -4.51824
-5.33901 -4.51776
-5.33768 -4.51727
-5.33634 -4.51679
-5.33501 -4.51631
-5.33367 -4.51584
-5.33234 -4.51536
-5.331 -4.51489
-5.32967 -4.51441
-5.32834 -4.51394
-5.327 -4.51347
-5.32567 -4.513
-5.32434 -4.51254
-5.32301 -4.51207
-5.32167 -4.51161
-5.32034 -4.51114
-5.31901 -4.51068
-5.31768 -4.51023
-5.31635 -4.50977
-5.31502 -4.50931
-5.31369 -4.50886
-5.31236 -4.50841
-5.31103 -4.50796
-5.30969 -4.50751
-5.30836 -4.50706
-5.30703 -4.50661
-5.3057 -4.50617
-5.30437 -4.50573
-5.30304 -4.50529
-5.30171 -4.50485
-5.30037 -4.50441
-5.29904 -4.50397
-5.29771 -4.50354
-5.29638 -4.50311
-5.29504 -4.50268
-5.29371 -4.50225
-5.29238 -4.50182
-5.29104 -4.50139
-5.28971 -4.50097
-5.28837 -4.50055
-5.28704 -4.50013
-5.2857 -4.49971
-5.28436 -4.49929
-5.28303 -4.49888
-5.28169 -4.49846
-5.28035 -4.49805
-5.27901 -4.49764
-5.27767 -4.49723
-5.27633 -4.49682
-5.27499 -4.49642
-5.27364 -4.49602
-5.2723 -4.49561
-5.27096 -4.49521
-5.26961 -4.49481
-5.26827 -4.49442
-5.26692 -4.49402
-5.26557 -4.49363
-5.26422 -4.49324
-5.26287 -4.49285
-5.26152 -4.49246
-5.26017 -4.49207
-5.25882 -4.49169
-5.25746 -4.49131
-5.25611 -4.49093
-5.25475 -4.49055
-5.25339 -4.49017
-5.25203 -4.48979
-5.25067 -4.48942
-5.24931 -4.48905
-5.24795 -4.48868
-5.24658 -4.48831
-5.24522 -4.48794
-5.24385 -4.48758
-5.24248 -4.48721
-5.24111 -4.48685
-5.23974 -4.48649
-5.23836 -4.48613
-5.23699 -4.48578
-5.23561 -4.48542
-5.23423 -4.48507
-5.23285 -4.48472
-5.23147 -4.48437
-5.23009 -4.48402
-5.2287 -4.48368
-5.22732 -4.48333
-5.22593 -4.48299
-5.22454 -4.48265
-5.22314 -4.48231
-5.22175 -4.48197
-5.22035 -4.48164
-5.21895 -4.4813
-5.21755 -4.48097
-5.21615 -4.48064
-5.21474 -4.48031
-5.21334 -4.47999
-5.21193 -4.47966
-5.21052 -4.47934
-5.2091 -4.47902
-5.20769 -4.4787
-5.20627 -4.47838
-5.20485 -4.47807
-5.20343 -4.47775
-5.202 -4.47744
-5.20057 -4.47713
-5.19914 -4.47682
-5.19771 -4.47652
-5.19627 -4.47621
-5.19484 -4.47591
-5.1934 -4.47561
-5.19195 -4.47531
-5.19051 -4.47501
-5.18906 -4.47472
-5.18761 -4.47442
-5.18615 -4.47413
-5.1847 -4.47384
-5.18324 -4.47355
-5.18177 -4.47326
-5.18031 -4.47298
-5.17884 -4.47269
-5.17737 -4.47241
-5.17589 -4.47213
-5.17442 -4.47185
-5.17294 -4.47158
-5.17145 -4.4713
-5.16997 -4.47103
-5.16848 -4.47076
-5.16698 -4.47049
-5.16549 -4.47022
-5.16399 -4.46996
-5.16248 -4.4697
-5.16098 -4.46943
-5.15947 -4.46917
-5.15795 -4.46892
-5.15644 -4.46866
-5.15492 -4.4684
-5.15339 -4.46815
-5.15187 -4.4679
-5.15034 -4.46765
-5.1488 -4.4674
-5.14726 -4.46716
-5.14572 -4.46691
-5.14417 -4.46667
-5.14262 -4.46643
-5.14107 -4.46619
-5.13951 -4.46595
-5.13795 -4.46572
-5.13639 -4.46549
-5.13482 -4.46525
-5.13324 -4.46502
-5.13167 -4.4648
-5.13008 -4.46457
-5.1285 -4.46435
-5.12691 -4.46412
-5.12531 -4.4639
-5.12371 -4.46368
-5.12211 -4.46347
-5.1205 -4.46325
-5.11889 -4.46304
-5.11728 -4.46283
-5.11565 -4.46261
-5.11403 -4.46241
-5.1124 -4.4622
-5.11076 -4.46199
-5.10913 -4.46179
-5.10748 -4.46159
-5.10583 -4.46139
-5.10418 -4.46119
-5.10252 -4.461
-5.10086 -4.4608
-5.09919 -4.46061
-5.09751 -4.46042
-5.09584 -4.46023
-5.09415 -4.46004
-5.09246 -4.45986
-5.09077 -4.45968
-5.08907 -4.45949
-5.08737 -4.45931
-5.08566 -4.45913
-5.08394 -4.45896
-5.08222 -4.45878
-5.0805 -4.45861
-5.07877 -4.45844
-5.07703 -4.45827
-5.07529 -4.4581
-5.07354 -4.45794
-5.07178 -4.45777
-5.07002 -4.45761
-5.06826 -4.45745
-5.06649 -4.45729
-5.06471 -4.45713
-5.06293 -4.45698
-5.06114 -4.45682
-5.05934 -4.45667
-5.05754 -4.45652
-5.05574 -4.45637
-5.05392 -4.45623
-5.0521 -4.45608
-5.05028 -4.45594
-5.04844 -4.4558
-5.0466 -4.45566
-5.04476 -4.45552
-5.04291 -4.45539
-5.04105 -4.45525
-5.03918 -4.45512
-5.03731 -4.45499
-5.03543 -4.45486
-5.03355 -4.45473
-5.03166 -4.45461
-5.02976 -4.45448
-5.02785 -4.45436
-5.02594 -4.45424
-5.02402 -4.45412
-5.02209 -4.45401
-5.02016 -4.45389
-5.01822 -4.45378
-5.01627 -4.45367
-5.01431 -4.45356
-5.01235 -4.45345
-5.01037 -4.45334
-5.0084 -4.45324
-5.00641 -4.45313
-5.00442 -4.45303
-5.00241 -4.45293
-5.0004 -4.45284
-4.99839 -4.45274
-4.99636 -4.45265
-4.99433 -4.45256
-4.99228 -4.45246
-4.99023 -4.45238
-4.98818 -4.45229
-4.98611 -4.4522
-4.98404 -4.45212
-4.98195 -4.45204
-4.97986 -4.45196
-4.97776 -4.45188
-4.97565 -4.4518
-4.97353 -4.45173
-4.97141 -4.45166
-4.96927 -4.45159
-4.96713 -4.45152
-4.96498 -4.45145
-4.96281 -4.45138
-4.96064 -4.45132
-4.95846 -4.45126
-4.95627 -4.4512
-4.95407 -4.45114
-4.95187 -4.45108
-4.94965 -4.45102
-4.94742 -4.45097
-4.94518 -4.45092
-4.94294 -4.45087
-4.94068 -4.45082
-4.93841 -4.45077
-4.93614 -4.45073
-4.93385 -4.45069
-4.93155 -4.45064
-4.92925 -4.4506
-4.92693 -4.45057
-4.9246 -4.45053
-4.92226 -4.4505
-4.91992 -4.45046
-4.91756 -4.45043
-4.91519 -4.4504
-4.91281 -4.45038
-4.91041 -4.45035
-4.90801 -4.45033
-4.9056 -4.45031
-4.90317 -4.45029
-4.90074 -4.45027
-4.89829 -4.45025
-4.89583 -4.45024
-4.89336 -4.45022
-4.89088 -4.45021
-4.88838 -4.4502
-4.88588 -4.4502
-4.88336 -4.45019
-4.88083 -4.45019
-4.87829 -4.45018
-4.87573 -4.45018
-4.87316 -4.45019
-4.87058 -4.45019
-4.86799 -4.45019
-4.86539 -4.4502
-4.86277 -4.45021
-4.86014 -4.45022
-4.8575 -4.45023
-4.85484 -4.45025
-4.85217 -4.45026
-4.84949 -4.45028
-4.84679 -4.4503
-4.84408 -4.45032
-4.84136 -4.45034
-4.83862 -4.45037
-4.83587 -4.4504
-4.83311 -4.45042
-4.83033 -4.45046
-4.82753 -4.45049
-4.82473 -4.45052
-4.8219 -4.45056
-4.81907 -4.4506
-4.81622 -4.45064
-4.81335 -4.45068
-4.81047 -4.45072
-4.80757 -4.45077
-4.80466 -4.45081
-4.80173 -4.45086
-4.79879 -4.45092
-4.79583 -4.45097
-4.79285 -4.45102
-4.78986 -4.45108
-4.78686 -4.45114
-4.78384 -4.4512
-4.7808 -4.45126
-4.77774 -4.45133
-4.77467 -4.45139
-4.77158 -4.45146
-4.76847 -4.45153
-4.76535 -4.45161
-4.76221 -4.45168
-4.75905 -4.45176
-4.75588 -4.45184
-4.75268 -4.45192
-4.74947 -4.452
-4.74624 -4.45208
-4.743 -4.45217
-4.73973 -4.45226
-4.73645 -4.45235
-4.73314 -4.45244
-4.72982 -4.45253
-4.72648 -4.45263
-4.72312 -4.45273
-4.71974 -4.45283
-4.71634 -4.45293
-4.71292 -4.45304
-4.70949 -4.45314
-4.70603 -4.45325
-4.70255 -4.45336
-4.69905 -4.45348
-4.69553 -4.45359
-4.69199 -4.45371
-4.68842 -4.45383
-4.68484 -4.45395
-4.68124 -4.45408
-4.67761 -4.4542
-4.67396 -4.45433
-4.67029 -4.45446
-4.6666 -4.45459
-4.66288 -4.45473
-4.65914 -4.45486
-4.65538 -4.455
-4.6516 -4.45515
-4.64779 -4.45529
-4.64396 -4.45544
-4.6401 -4.45558
-4.63622 -4.45573
-4.63232 -4.45589
-4.62839 -4.45604
-4.62444 -4.4562
-4.62046 -4.45636
-4.61646 -4.45652
-4.61243 -4.45669
-4.60838 -4.45686
-4.60429 -4.45703
-4.60019 -4.4572
-4.59605 -4.45737
-4.59189 -4.45755
-4.58771 -4.45773
-4.58349 -4.45791
-4.57925 -4.4581
-4.57498 -4.45828
-4.57068 -4.45847
-4.56635 -4.45867
-4.562 -4.45886
-4.55761 -4.45906
-4.5532 -4.45926
-4.54875 -4.45946
-4.54428 -4.45967
-4.53977 -4.45988
-4.53524 -4.46009
-4.53067 -4.4603
-4.52608 -4.46052
-4.52145 -4.46074
-4.51679 -4.46096
-4.51209 -4.46119
-4.50737 -4.46141
-4.50261 -4.46165
-4.49782 -4.46188
-4.49299 -4.46212
-4.48813 -4.46236
-4.48324 -4.4626
-4.47831 -4.46285
-4.47334 -4.46309
-4.46834 -4.46335
-4.46331 -4.4636
-4.45823 -4.46386
-4.45313 -4.46412
-4.44798 -4.46439
-4.4428 -4.46466
-4.43758 -4.46493
-4.43232 -4.4652
-4.42702 -4.46548
-4.42168 -4.46576
-4.4163 -4.46605
-4.41088 -4.46634
-4.40542 -4.46663
-4.39992 -4.46692
-4.39438 -4.46722
-4.3888 -4.46753
-4.38317 -4.46783
-4.3775 -4.46814
-4.37179 -4.46846
-4.36604 -4.46878
-4.36024 -4.4691
-4.35439 -4.46942
-4.3485 -4.46975
-4.34256 -4.47009
-4.33657 -4.47043
-4.33054 -4.47077
-4.32446 -4.47112
-4.31834 -4.47147
-4.31216 -4.47182
-4.30593 -4.47218
-4.29965 -4.47254
-4.29333 -4.47291
-4.28695 -4.47328
-4.28052 -4.47366
-4.27403 -4.47404
-4.26749 -4.47443
-4.2609 -4.47482
-4.25426 -4.47522
-4.24756 -4.47562
-4.2408 -4.47602
-4.23398 -4.47644
-4.22711 -4.47685
-4.22018 -4.47727
-4.21319 -4.4777
-4.20614 -4.47813
-4.19903 -4.47857
-4.19186 -4.47901
-4.18463 -4.47946
-4.17733 -4.47992
-4.16997 -4.48038
-4.16254 -4.48084
-4.15505 -4.48131
-4.1475 -4.48179
-4.13987 -4.48228
-4.13218 -4.48277
-4.12442 -4.48327
-4.11659 -4.48377
-4.10868 -4.48428
-4.10071 -4.4848
-4.09266 -4.48532
-4.08454 -4.48585
-4.07634 -4.48639
-4.06807 -4.48693
-4.05972 -4.48749
-4.05129 -4.48805
-4.04278 -4.48861
-4.03419 -4.48919
-4.02552 -4.48977
-4.01676 -4.49036
-4.00793 -4.49096
-3.999 -4.49157
-3.98999 -4.49219
-3.9809 -4.49281
-3.97171 -4.49344
-3.96243 -4.49409
-3.95306 -4.49474
-3.9436 -4.4954
-3.93404 -4.49607
-3.92439 -4.49675
-3.91464 -4.49744
-3.90479 -4.49814
-3.89484 -4.49885
-3.88479 -4.49957
-3.87463 -4.5003
-3.86437 -4.50104
-3.854 -4.5018
-3.84353 -4.50256
-3.83294 -4.50334
-3.82224 -4.50413
-3.81143 -4.50493
-3.8005 -4.50574
-3.78945 -4.50656
-3.77829 -4.5074
-3.767 -4.50825
-3.75559 -4.50912
-3.74405 -4.51
-3.73239 -4.51089
-3.72059 -4.5118
-3.70867 -4.51272
-3.69661 -4.51366
-3.68441 -4.51461
-3.67207 -4.51558
-3.6596 -4.51656
-3.64697 -4.51756
-3.63421 -4.51858
-3.62129 -4.51962
-3.60823 -4.52067
-3.595 -4.52174
-3.58163 -4.52283
-3.56809 -4.52394
-3.55439 -4.52507
-3.54052 -4.52622
-3.52649 -4.52739
-3.51228 -4.52858
-3.4979 -4.52979
-3.48334 -4.53102
-3.4686 -4.53228
-3.45368 -4.53356
-3.43856 -4.53487
-3.42326 -4.53619
-3.40776 -4.53755
-3.39205 -4.53893
-3.37615 -4.54033
-3.36004 -4.54177
-3.34372 -4.54323
-3.32718 -4.54472
-3.31042 -4.54624
-3.29344 -4.54779
-3.27623 -4.54937
-3.25878 -4.55098
-3.2411 -4.55263
-3.22317 -4.55431
-3.20499 -4.55603
-3.18657 -4.55778
-3.16788 -4.55957
-3.14893 -4.56139
-3.1297 -4.56326
-3.1102 -4.56517
-3.09042 -4.56711
-3.07036 -4.5691
-3.04999 -4.57114
-3.02933 -4.57322
-3.00836 -4.57535
-2.98707 -4.57753
-2.96546 -4.57975
-2.94352 -4.58203
-2.92125 -4.58436
-2.89863 -4.58675
-2.87566 -4.58919
-2.85233 -4.5917
-2.82862 -4.59426
-2.80454 -4.59689
-2.78007 -4.59958
-2.75521 -4.60233
-2.72993 -4.60516
-2.70424 -4.60806
-2.67813 -4.61103
-2.65157 -4.61408
-2.62457 -4.61721
-2.5971 -4.62042
-2.56916 -4.62372
-2.54074 -4.62711
-2.51182 -4.63058
-2.48239 -4.63416
-2.45244 -4.63783
-2.42194 -4.6416
-2.39089 -4.64548
-2.35928 -4.64947
-2.32708 -4.65358
-2.29428 -4.6578
-2.26086 -4.66215
-2.22681 -4.66662
-2.1921 -4.67123
-2.15672 -4.67598
-2.12065 -4.68088
-2.08387 -4.68592
-2.04635 -4.69113
-2.00808 -4.69649
-1.96903 -4.70203
-1.92918 -4.70775
-1.8885 -4.71365
-1.84696 -4.71974
-1.80455 -4.72604
-1.76123 -4.73256
-1.71696 -4.73929
-1.67173 -4.74625
-1.6255 -4.75346
-1.57824 -4.76092
-1.5299 -4.76865
-1.48046 -4.77665
-1.42988 -4.78495
-1.37811 -4.79355
-1.32512 -4.80248
-1.27086 -4.81174
-1.21528 -4.82136
-1.15834 -4.83135
-1.09998 -4.84174
-1.04016 -4.85254
-0.978821 -4.86377
-0.915898 -4.87546
-0.851334 -4.88764
-0.785064 -4.90032
-0.71702 -4.91355
-0.64713 -4.92734
-0.575321 -4.94174
-0.501511 -4.95678
-0.425618 -4.97249
-0.347553 -4.98892
-0.267222 -5.00611
-0.184527 -5.0241
-0.0993639 -5.04296
-0.0116217 -5.06273
0.0788168 -5.08346
0.172076 -5.10524
0.268286 -5.12811
0.367589 -5.15217
0.470133 -5.17749
0.576075 -5.20415
0.685585 -5.23226
0.798841 -5.26192
0.916034 -5.29324
1.03737 -5.32634
1.16307 -5.36137
1.29335 -5.39847
1.42848 -5.4378
1.56872 -5.47954
1.71436 -5.5239
1.8657 -5.57109
2.02307 -5.62135
2.18683 -5.67495
2.35736 -5.73217
2.53507 -5.79336
2.7204 -5.85888
2.91384 -5.92913
3.1159 -6.00457
3.32714 -6.08572
3.54816 -6.17314
3.77962 -6.26748
4.02222 -6.36948
4.27673 -6.47997
4.54399 -6.59987
4.82489 -6.73027
5.12041 -6.87238
5.43161 -7.02761
5.75963 -7.19756
6.10569 -7.38408
6.47113 -7.58932
6.85737 -7.81578
7.26592 -8.06634
7.69839 -8.34441
8.15645 -8.65395
8.64183 -8.99966
9.15627 -9.38706
9.70143 -9.82274
10.2788 -10.3145
10.8897 -10.8717
11.5347 -11.5054
12.2137 -12.2291
12.9251 -13.0587
13.6653 -14.0136
14.4276 -15.1166
15.2007 -16.3949
15.9664 -17.8802
16.6969 -19.6088
17.3505 -21.6206
17.8663 -23.9561
18.158 -26.6514
18.1071 -29.7271
17.5601 -33.1711
16.332 -36.9135
14.2276 -40.7959
11.0885 -44.5469
6.86497 -47.786
1.69354 -50.0827
-4.07059 -51.0738
-9.91168 -50.595
-15.2959 -48.7479
-19.8232 -45.8551
-23.3051 -42.3361
-25.7492 -38.5835
-27.2882 -34.8921
-28.1059 -31.4444
-28.3854 -28.3305
-28.2839 -25.5771
-27.9248 -23.1734
-27.4003 -21.09
-26.7761 -19.29
-26.0985 -17.7356
-25.3988 -16.3919
-24.698 -15.2276
-24.0096 -14.2156
-23.3422 -13.333
-22.7008 -12.5602
-22.0881 -11.8811
-21.5052 -11.2819
-20.9521 -10.7513
-20.4282 -10.2795
-19.9325 -9.85867
-19.4636 -9.48184
-19.0202 -9.14333
-18.6007 -8.83824
-18.2038 -8.56243
-17.8281 -8.31236
-17.472 -8.08499
-17.1345 -7.8777
-16.8142 -7.68823
-16.51 -7.51464
-16.2208 -7.35521
-15.9458 -7.20847
-15.6838 -7.07312
-15.4342 -6.94802
-15.1961 -6.83217
-14.9688 -6.7247
-14.7516 -6.62482
-14.5439 -6.53183
-14.3452 -6.44511
-14.1548 -6.36413
-13.9722 -6.28839
-13.7972 -6.21744
-13.6291 -6.1509
-13.4676 -6.0884
-13.3124 -6.02963
-13.163 -5.97429
-13.0193 -5.92213
-12.8808 -5.87291
-12.7473 -5.82641
-12.6185 -5.78243
-12.4943 -5.7408
-12.3743 -5.70134
-12.2584 -5.66392
-12.1463 -5.6284
-12.0379 -5.59464
-11.933 -5.56254
-11.8315 -5.53199
-11.7331 -5.50289
-11.6378 -5.47514
-11.5454 -5.44868
-11.4557 -5.42341
-11.3687 -5.39927
-11.2843 -5.37619
-11.2023 -5.35412
-11.1225 -5.33299
-11.0451 -5.31275
-10.9697 -5.29335
-10.8964 -5.27475
-10.8251 -5.2569
-10.7557 -5.23977
-10.6881 -5.22331
-10.6222 -5.20749
-10.5581 -5.19228
-10.4955 -5.17765
-10.4345 -5.16357
-10.375 -5.15001
-10.3169 -5.13695
-10.2603 -5.12436
-10.205 -5.11222
-10.1509 -5.10051
-10.0982 -5.08921
-10.0466 -5.0783
-9.99623 -5.06777
-9.94697 -5.05759
-9.89879 -5.04776
-9.85168 -5.03825
-9.80558 -5.02905
-9.76048 -5.02016
-9.71633 -5.01155
-9.6731 -5.00321
-9.63078 -4.99514
-9.58932 -4.98732
-9.5487 -4.97974
-9.50891 -4.97239
-9.4699 -4.96527
-9.43167 -4.95836
-9.39418 -4.95166
-9.35741 -4.94516
-9.32135 -4.93885
-9.28597 -4.93272
-9.25125 -4.92677
-9.21719 -4.92099
-9.18374 -4.91537
-9.15091 -4.90991
-9.11867 -4.90461
-9.08701 -4.89945
-9.05591 -4.89443
-9.02535 -4.88955
-8.99533 -4.8848
-8.96582 -4.88019
-8.93682 -4.87569
-8.90831 -4.87131
-8.88028 -4.86705
-8.85272 -4.8629
-8.82561 -4.85886
-8.79895 -4.85492
-8.77272 -4.85109
-8.74691 -4.84735
-8.72151 -4.8437
-8.69651 -4.84015
-8.67191 -4.83669
-8.64768 -4.83331
-8.62383 -4.83002
-8.60035 -4.8268
-8.57722 -4.82367
-8.55444 -4.82061
-8.53201 -4.81763
-8.5099 -4.81472
-8.48812 -4.81187
-8.46665 -4.8091
-8.4455 -4.80639
-8.42465 -4.80374
-8.4041 -4.80116
-8.38384 -4.79864
-8.36386 -4.79617
-8.34416 -4.79376
-8.32473 -4.79141
-8.30557 -4.78911
-8.28667 -4.78687
-8.26802 -4.78467
-8.24963 -4.78253
-8.23148 -4.78043
-8.21357 -4.77838
-8.19589 -4.77638
-8.17844 -4.77442
-8.16123 -4.7725
-8.14423 -4.77063
-8.12744 -4.7688
-8.11087 -4.76701
-8.09451 -4.76525
-8.07836 -4.76354
-8.0624 -4.76186
-8.04664 -4.76022
-8.03107 -4.75862
-8.01569 -4.75705
-8.0005 -4.75551
-7.98549 -4.75401
-7.97065 -4.75254
