Path for ray(in pc) -12 -10
Points calculated each 200 days for 1000 years.
-4.16632 -6.15322
-4.16464 -6.15319
-4.16294 -6.15316
-4.16122 -6.15315
-4.15947 -6.15315
-4.1577 -6.15315
-4.15591 -6.15317
-4.15409 -6.15319
-4.15225 -6.15323
-4.15039 -6.15327
-4.1485 -6.15333
-4.14658 -6.15339
-4.14465 -6.15347
-4.14268 -6.15355
-4.14069 -6.15365
-4.13868 -6.15375
-4.13664 -6.15386
-4.13457 -6.15399
-4.13248 -6.15412
-4.13037 -6.15427
-4.12822 -6.15443
-4.12605 -6.15459
-4.12385 -6.15477
-4.12163 -6.15495
-4.11937 -6.15515
-4.11709 -6.15536
-4.11478 -6.15558
-4.11245 -6.15581
-4.11008 -6.15605
-4.10769 -6.1563
-4.10526 -6.15657
-4.10281 -6.15684
-4.10033 -6.15713
-4.09782 -6.15742
-4.09527 -6.15773
-4.0927 -6.15805
-4.0901 -6.15838
-4.08746 -6.15873
-4.0848 -6.15908
-4.0821 -6.15945
-4.07937 -6.15983
-4.07661 -6.16022
-4.07381 -6.16062
-4.07099 -6.16104
-4.06813 -6.16147
-4.06523 -6.16191
-4.06231 -6.16236
-4.05934 -6.16282
-4.05635 -6.1633
-4.05332 -6.16379
-4.05025 -6.1643
-4.04715 -6.16482
-4.04401 -6.16535
-4.04084 -6.16589
-4.03763 -6.16645
-4.03438 -6.16702
-4.03109 -6.16761
-4.02777 -6.16821
-4.02441 -6.16882
-4.02101 -6.16945
-4.01757 -6.17009
-4.0141 -6.17075
-4.01058 -6.17142
-4.00702 -6.17211
-4.00342 -6.17281
-3.99978 -6.17353
-3.9961 -6.17426
-3.99238 -6.17501
-3.98862 -6.17578
-3.98481 -6.17656
-3.98096 -6.17735
-3.97706 -6.17817
-3.97313 -6.179
-3.96914 -6.17984
-3.96511 -6.18071
-3.96104 -6.18159
-3.95692 -6.18249
-3.95275 -6.1834
-3.94854 -6.18434
-3.94428 -6.18529
-3.93997 -6.18626
-3.93561 -6.18725
-3.9312 -6.18825
-3.92674 -6.18928
-3.92224 -6.19033
-3.91768 -6.19139
-3.91307 -6.19248
-3.9084 -6.19358
-3.90369 -6.19471
-3.89892 -6.19585
-3.89409 -6.19702
-3.88922 -6.19821
-3.88428 -6.19942
-3.87929 -6.20065
-3.87425 -6.20191
-3.86914 -6.20318
-3.86398 -6.20448
-3.85876 -6.20581
-3.85348 -6.20715
-3.84814 -6.20852
-3.84274 -6.20992
-3.83727 -6.21134
-3.83175 -6.21278
-3.82616 -6.21425
-3.8205 -6.21575
-3.81479 -6.21727
-3.809 -6.21882
-3.80315 -6.22039
-3.79723 -6.222
-3.79125 -6.22363
-3.78519 -6.22529
-3.77907 -6.22698
-3.77287 -6.2287
-3.7666 -6.23044
-3.76026 -6.23222
-3.75384 -6.23403
-3.74735 -6.23587
-3.74079 -6.23775
-3.73415 -6.23965
-3.72742 -6.24159
-3.72063 -6.24356
-3.71375 -6.24557
-3.70678 -6.24761
-3.69974 -6.24969
-3.69262 -6.2518
-3.6854 -6.25395
-3.67811 -6.25614
-3.67072 -6.25837
-3.66325 -6.26063
-3.65569 -6.26294
-3.64804 -6.26528
-3.64029 -6.26767
-3.63246 -6.2701
-3.62452 -6.27257
-3.6165 -6.27509
-3.60837 -6.27765
-3.60014 -6.28025
-3.59182 -6.2829
-3.58339 -6.2856
-3.57486 -6.28835
-3.56622 -6.29115
-3.55748 -6.29399
-3.54863 -6.29689
-3.53967 -6.29984
-3.5306 -6.30285
-3.52141 -6.3059
-3.51211 -6.30902
-3.5027 -6.31219
-3.49316 -6.31542
-3.4835 -6.31871
-3.47372 -6.32205
-3.46382 -6.32546
-3.45379 -6.32894
-3.44363 -6.33248
-3.43334 -6.33608
-3.42292 -6.33975
-3.41236 -6.34349
-3.40167 -6.34731
-3.39084 -6.35119
-3.37986 -6.35515
-3.36874 -6.35918
-3.35748 -6.36329
-3.34606 -6.36748
-3.33449 -6.37176
-3.32277 -6.37611
-3.3109 -6.38055
-3.29886 -6.38508
-3.28666 -6.38969
-3.2743 -6.3944
-3.26176 -6.3992
-3.24906 -6.4041
-3.23618 -6.40909
-3.22313 -6.41419
-3.20989 -6.41939
-3.19647 -6.4247
-3.18286 -6.43011
-3.16907 -6.43564
-3.15508 -6.44128
-3.14089 -6.44704
-3.1265 -6.45291
-3.1119 -6.45892
-3.0971 -6.46505
-3.08208 -6.47131
-3.06685 -6.4777
-3.05139 -6.48423
-3.03571 -6.4909
-3.0198 -6.49772
-3.00366 -6.50469
-2.98727 -6.51181
-2.97065 -6.51909
-2.95377 -6.52654
-2.93664 -6.53415
-2.91926 -6.54193
-2.90161 -6.54989
-2.88369 -6.55803
-2.86549 -6.56636
-2.84702 -6.57489
-2.82826 -6.58361
-2.80921 -6.59254
-2.78986 -6.60168
-2.77021 -6.61104
-2.75024 -6.62062
-2.72996 -6.63044
-2.70936 -6.64049
-2.68842 -6.65079
-2.66715 -6.66135
-2.64553 -6.67217
-2.62356 -6.68327
-2.60123 -6.69464
-2.57854 -6.7063
-2.55546 -6.71827
-2.532 -6.73054
-2.50815 -6.74313
-2.4839 -6.75606
-2.45924 -6.76933
-2.43415 -6.78295
-2.40864 -6.79694
-2.38269 -6.81131
-2.35629 -6.82608
-2.32942 -6.84125
-2.30209 -6.85685
-2.27428 -6.87288
-2.24598 -6.88937
-2.21717 -6.90634
-2.18785 -6.92379
-2.158 -6.94175
-2.12762 -6.96024
-2.09668 -6.97928
-2.06518 -6.99888
-2.03309 -7.01908
-2.00042 -7.0399
-1.96715 -7.06135
-1.93325 -7.08348
-1.89872 -7.10629
-1.86354 -7.12983
-1.8277 -7.15412
-1.79118 -7.1792
-1.75396 -7.20509
-1.71603 -7.23184
-1.67738 -7.25948
-1.63798 -7.28804
-1.59782 -7.31757
-1.55689 -7.34812
-1.51516 -7.37973
-1.47261 -7.41244
-1.42924 -7.44631
-1.38502 -7.48139
-1.33993 -7.51773
-1.29397 -7.55541
-1.2471 -7.59447
-1.19931 -7.63499
-1.15059 -7.67704
-1.10092 -7.72069
-1.05028 -7.76602
-0.998655 -7.81312
-0.946033 -7.86208
-0.8924 -7.91298
-0.837741 -7.96594
-0.782048 -8.02105
-0.725309 -8.07843
-0.667517 -8.13819
-0.608669 -8.20048
-0.548761 -8.26541
-0.487794 -8.33314
-0.425774 -8.40382
-0.362711 -8.47761
-0.298618 -8.55467
-0.233516 -8.63521
-0.167433 -8.7194
-0.100404 -8.80746
-0.0324718 -8.89961
0.0363079 -8.99607
0.105869 -9.09711
0.176133 -9.20298
0.247003 -9.31396
0.318368 -9.43035
0.390095 -9.55246
0.462029 -9.68063
0.533988 -9.81519
0.605763 -9.95654
0.677109 -10.105
0.747746 -10.2611
0.817349 -10.4252
0.885547 -10.5977
0.951913 -10.7791
1.01596 -10.9699
1.07713 -11.1705
1.1348 -11.3815
1.18825 -11.6033
1.23666 -11.8364
1.27913 -12.0814
1.31462 -12.3386
1.34198 -12.6084
1.35993 -12.8913
1.36703 -13.1875
1.3617 -13.4972
1.34221 -13.8204
1.30665 -14.1571
1.25296 -14.5069
1.17895 -14.8693
1.08227 -15.2435
0.960473 -15.6284
0.811037 -16.0224
0.63142 -16.4236
0.419128 -16.8295
0.171795 -17.2371
-0.112712 -17.6429
-0.436178 -18.0429
-0.799909 -18.4325
-1.20459 -18.8065
-1.65015 -19.1596
-2.13564 -19.4859
-2.6591 -19.7796
-3.21752 -20.035
-3.8068 -20.2465
-4.42179 -20.4095
-5.05643 -20.5198
-5.70385 -20.5745
-6.35667 -20.5718
-7.00722 -20.5113
-7.64787 -20.3939
-8.27133 -20.2217
-8.87087 -19.9983
-9.44063 -19.728
-9.97569 -19.4161
-10.4723 -19.0684
-10.9277 -18.6909
-11.3403 -18.2896
-11.7097 -17.8707
-12.036 -17.4396
-12.3204 -17.0015
-12.5646 -16.561
-12.7708 -16.1223
-12.9413 -15.6886
-13.079 -15.2629
-13.1866 -14.8475
-13.2668 -14.4441
-13.3225 -14.0542
-13.3562 -13.6787
-13.3704 -13.3182
-13.3676 -12.973
-13.3497 -12.6433
-13.3188 -12.329
-13.2767 -12.0298
-13.225 -11.7454
-13.1652 -11.4753
-13.0984 -11.2191
-13.0259 -10.9762
-12.9487 -10.746
-12.8677 -10.5279
-12.7836 -10.3213
-12.6971 -10.1257
-12.6089 -9.94053
-12.5194 -9.76513
-12.4291 -9.599
-12.3384 -9.44163
-12.2475 -9.29251
-12.1569 -9.15117
-12.0667 -9.01717
-11.9771 -8.89007
-11.8883 -8.76947
-11.8004 -8.65499
-11.7136 -8.54628
-11.628 -8.44299
-11.5436 -8.34481
-11.4606 -8.25145
-11.3788 -8.16262
-11.2985 -8.07806
-11.2196 -7.99753
-11.1421 -7.9208
-11.0661 -7.84765
-10.9915 -7.77789
-10.9183 -7.71131
-10.8466 -7.64775
-10.7764 -7.58703
-10.7075 -7.52901
-10.6401 -7.47353
-10.574 -7.42046
-10.5093 -7.36967
-10.446 -7.32103
-10.3839 -7.27445
-10.3232 -7.2298
-10.2637 -7.18699
-10.2054 -7.14593
-10.1484 -7.10652
-10.0925 -7.06868
-10.0378 -7.03234
-9.98424 -6.99742
-9.93178 -6.96385
-9.8804 -6.93156
-9.83007 -6.9005
-9.78077 -6.87061
-9.73248 -6.84182
-9.68516 -6.81409
-9.6388 -6.78738
-9.59337 -6.76162
-9.54885 -6.73678
-9.50522 -6.71282
-9.46244 -6.6897
-9.42051 -6.66738
-9.3794 -6.64583
-9.33908 -6.62501
-9.29955 -6.60489
-9.26077 -6.58544
-9.22273 -6.56663
-9.18542 -6.54844
-9.1488 -6.53084
-9.11288 -6.5138
-9.07762 -6.4973
-9.04301 -6.48133
-9.00904 -6.46585
-8.97569 -6.45085
-8.94294 -6.43632
-8.91078 -6.42222
-8.8792 -6.40855
-8.84817 -6.39529
-8.8177 -6.38242
-8.78776 -6.36993
-8.75834 -6.3578
-8.72942 -6.34602
-8.70101 -6.33458
-8.67308 -6.32347
-8.64562 -6.31266
-8.61862 -6.30216
-8.59207 -6.29195
-8.56597 -6.28201
-8.54029 -6.27235
-8.51504 -6.26295
-8.49019 -6.2538
-8.46575 -6.24489
-8.4417 -6.23622
-8.41803 -6.22777
-8.39473 -6.21954
-8.37181 -6.21153
-8.34924 -6.20372
-8.32702 -6.1961
-8.30514 -6.18868
-8.28359 -6.18144
-8.26238 -6.17438
-8.24148 -6.16749
-8.2209 -6.16078
-8.20062 -6.15422
-8.18065 -6.14782
-8.16096 -6.14157
-8.14157 -6.13547
-8.12246 -6.12952
-8.10362 -6.1237
-8.08505 -6.11801
-8.06675 -6.11246
-8.0487 -6.10703
-8.03091 -6.10173
-8.01337 -6.09654
-7.99607 -6.09147
-7.979 -6.08651
-7.96218 -6.08166
-7.94558 -6.07692
-7.9292 -6.07228
-7.91305 -6.06774
-7.89711 -6.06329
-7.88138 -6.05894
-7.86586 -6.05468
-7.85054 -6.05051
-7.83543 -6.04643
-7.82051 -6.04243
-7.80578 -6.03851
-7.79124 -6.03467
-7.77688 -6.03091
-7.7627 -6.02723
-7.74871 -6.02361
-7.73488 -6.02007
-7.72123 -6.0166
-7.70775 -6.0132
-7.69443 -6.00986
-7.68128 -6.00659
-7.66828 -6.00338
-7.65544 -6.00023
-7.64276 -5.99714
-7.63022 -5.9941
-7.61784 -5.99113
-7.6056 -5.98821
-7.5935 -5.98534
-7.58154 -5.98253
-7.56973 -5.97976
-7.55804 -5.97705
-7.54649 -5.97439
-7.53508 -5.97177
-7.52379 -5.9692
-7.51262 -5.96667
-7.50159 -5.96419
-7.49067 -5.96175
-7.47988 -5.95935
-7.4692 -5.957
-7.45864 -5.95468
-7.4482 -5.95241
-7.43787 -5.95017
-7.42765 -5.94797
-7.41753 -5.94581
-7.40753 -5.94368
-7.39763 -5.94159
-7.38784 -5.93953
-7.37815 -5.9375
-7.36855 -5.93551
-7.35906 -5.93355
-7.34967 -5.93162
-7.34037 -5.92972
-7.33117 -5.92785
-7.32205 -5.92601
-7.31304 -5.9242
-7.30411 -5.92242
-7.29527 -5.92066
-7.28651 -5.91893
-7.27785 -5.91723
-7.26927 -5.91555
-7.26077 -5.9139
-7.25235 -5.91227
-7.24402 -5.91067
-7.23576 -5.90909
-7.22759 -5.90754
-7.21949 -5.906
-7.21147 -5.90449
-7.20352 -5.903
-7.19565 -5.90154
-7.18785 -5.90009
-7.18013 -5.89866
-7.17247 -5.89726
-7.16489 -5.89587
-7.15737 -5.8945
-7.14992 -5.89316
-7.14254 -5.89183
-7.13523 -5.89052
-7.12798 -5.88922
-7.12079 -5.88795
-7.11367 -5.88669
-7.10661 -5.88545
-7.09962 -5.88422
-7.09268 -5.88301
-7.0858 -5.88182
-7.07899 -5.88064
-7.07223 -5.87948
-7.06553 -5.87833
-7.05889 -5.8772
-7.0523 -5.87609
-7.04577 -5.87498
-7.03929 -5.87389
-7.03287 -5.87282
-7.02649 -5.87176
-7.02018 -5.87071
-7.01391 -5.86967
-7.0077 -5.86865
-7.00153 -5.86764
-6.99542 -5.86664
-6.98935 -5.86566
-6.98334 -5.86469
-6.97737 -5.86372
-6.97145 -5.86277
-6.96557 -5.86184
-6.95974 -5.86091
-6.95396 -5.85999
-6.94822 -5.85909
-6.94253 -5.85819
-6.93688 -5.85731
-6.93127 -5.85643
-6.92571 -5.85557
-6.92019 -5.85471
-6.91471 -5.85387
-6.90927 -5.85303
-6.90387 -5.85221
-6.89851 -5.85139
-6.8932 -5.85059
-6.88792 -5.84979
-6.88268 -5.849
-6.87748 -5.84822
-6.87231 -5.84745
-6.86719 -5.84668
-6.8621 -5.84593
-6.85705 -5.84518
-6.85203 -5.84444
-6.84705 -5.84371
-6.8421 -5.84299
-6.83719 -5.84227
-6.83232 -5.84156
-6.82747 -5.84086
-6.82267 -5.84017
-6.81789 -5.83949
-6.81315 -5.83881
-6.80844 -5.83814
-6.80376 -5.83747
-6.79911 -5.83681
-6.7945 -5.83616
-6.78992 -5.83552
-6.78536 -5.83488
-6.78084 -5.83425
-6.77635 -5.83362
-6.77188 -5.83301
-6.76745 -5.83239
-6.76305 -5.83179
-6.75867 -5.83119
-6.75432 -5.83059
-6.75 -5.83
-6.74571 -5.82942
-6.74145 -5.82884
-6.73721 -5.82827
-6.733 -5.8277
-6.72882 -5.82714
-6.72466 -5.82659
-6.72053 -5.82604
-6.71642 -5.82549
-6.71234 -5.82495
-6.70829 -5.82442
-6.70426 -5.82389
-6.70025 -5.82336
-6.69627 -5.82284
-6.69231 -5.82233
-6.68838 -5.82182
-6.68447 -5.82131
-6.68058 -5.82081
-6.67672 -5.82031
-6.67288 -5.81982
-6.66906 -5.81934
-6.66527 -5.81885
-6.6615 -5.81837
-6.65775 -5.8179
-6.65402 -5.81743
-6.65031 -5.81696
-6.64662 -5.8165
-6.64296 -5.81604
-6.63931 -5.81559
-6.63569 -5.81514
-6.63209 -5.8147
-6.6285 -5.81425
-6.62494 -5.81382
-6.6214 -5.81338
-6.61787 -5.81295
-6.61437 -5.81252
-6.61089 -5.8121
-6.60742 -5.81168
-6.60397 -5.81127
-6.60055 -5.81085
-6.59714 -5.81045
-6.59375 -5.81004
-6.59037 -5.80964
-6.58702 -5.80924
-6.58368 -5.80884
-6.58036 -5.80845
-6.57706 -5.80806
-6.57377 -5.80768
-6.57051 -5.8073
-6.56726 -5.80692
-6.56402 -5.80654
-6.5608 -5.80617
-6.5576 -5.8058
-6.55442 -5.80543
-6.55125 -5.80507
-6.5481 -5.80471
-6.54496 -5.80435
-6.54184 -5.804
-6.53874 -5.80364
-6.53565 -5.80329
-6.53257 -5.80295
-6.52952 -5.8026
-6.52647 -5.80226
-6.52344 -5.80193
-6.52043 -5.80159
-6.51743 -5.80126
-6.51444 -5.80093
-6.51147 -5.8006
-6.50852 -5.80027
-6.50557 -5.79995
-6.50264 -5.79963
-6.49973 -5.79931
-6.49683 -5.799
-6.49394 -5.79869
-6.49107 -5.79838
-6.48821 -5.79807
-6.48536 -5.79776
-6.48252 -5.79746
-6.4797 -5.79716
-6.4769 -5.79686
-6.4741 -5.79657
-6.47132 -5.79627
-6.46855 -5.79598
-6.46579 -5.79569
-6.46304 -5.79541
-6.46031 -5.79512
-6.45759 -5.79484
-6.45488 -5.79456
-6.45218 -5.79428
-6.4495 -5.794
-6.44682 -5.79373
-6.44416 -5.79346
-6.44151 -5.79319
-6.43887 -5.79292
-6.43624 -5.79265
-6.43363 -5.79239
-6.43102 -5.79213
-6.42843 -5.79187
-6.42585 -5.79161
-6.42327 -5.79135
-6.42071 -5.7911
-6.41816 -5.79085
-6.41562 -5.7906
-6.41309 -5.79035
-6.41057 -5.7901
-6.40806 -5.78985
-6.40556 -5.78961
-6.40307 -5.78937
-6.4006 -5.78913
-6.39813 -5.78889
-6.39567 -5.78866
-6.39322 -5.78842
-6.39078 -5.78819
-6.38835 -5.78796
-6.38593 -5.78773
-6.38352 -5.7875
-6.38112 -5.78728
-6.37873 -5.78705
-6.37635 -5.78683
-6.37397 -5.78661
-6.37161 -5.78639
-6.36926 -5.78617
-6.36691 -5.78595
-6.36458 -5.78574
-6.36225 -5.78553
-6.35993 -5.78531
-6.35762 -5.7851
-6.35532 -5.7849
-6.35303 -5.78469
-6.35074 -5.78448
-6.34847 -5.78428
-6.3462 -5.78408
-6.34394 -5.78387
-6.34169 -5.78368
-6.33945 -5.78348
-6.33721 -5.78328
-6.33499 -5.78308
-6.33277 -5.78289
-6.33056 -5.7827
-6.32836 -5.78251
-6.32616 -5.78232
-6.32398 -5.78213
-6.3218 -5.78194
-6.31963 -5.78175
-6.31746 -5.78157
-6.31531 -5.78139
-6.31316 -5.7812
-6.31102 -5.78102
-6.30889 -5.78084
-6.30676 -5.78067
-6.30464 -5.78049
-6.30253 -5.78031
-6.30043 -5.78014
-6.29833 -5.77997
-6.29624 -5.7798
-6.29416 -5.77962
-6.29208 -5.77946
-6.29002 -5.77929
-6.28795 -5.77912
-6.2859 -5.77895
-6.28385 -5.77879
-6.28181 -5.77863
-6.27978 -5.77846
-6.27775 -5.7783
-6.27573 -5.77814
-6.27371 -5.77798
-6.27171 -5.77783
-6.26971 -5.77767
-6.26771 -5.77751
-6.26572 -5.77736
-6.26374 -5.7772
-6.26176 -5.77705
-6.2598 -5.7769
-6.25783 -5.77675
-6.25588 -5.7766
-6.25392 -5.77645
-6.25198 -5.77631
-6.25004 -5.77616
-6.24811 -5.77602
-6.24618 -5.77587
-6.24426 -5.77573
-6.24235 -5.77559
-6.24044 -5.77545
-6.23854 -5.77531
-6.23664 -5.77517
-6.23475 -5.77503
-6.23286 -5.77489
-6.23098 -5.77476
-6.22911 -5.77462
-6.22724 -5.77449
-6.22538 -5.77435
-6.22352 -5.77422
-6.22167 -5.77409
-6.21983 -5.77396
-6.21798 -5.77383
-6.21615 -5.7737
-6.21432 -5.77357
-6.2125 -5.77344
-6.21068 -5.77332
-6.20886 -5.77319
-6.20705 -5.77307
-6.20525 -5.77295
-6.20345 -5.77282
-6.20166 -5.7727
-6.19987 -5.77258
-6.19809 -5.77246
-6.19631 -5.77234
-6.19454 -5.77222
-6.19277 -5.7721
-6.19101 -5.77199
-6.18926 -5.77187
-6.1875 -5.77176
-6.18576 -5.77164
-6.18401 -5.77153
-6.18228 -5.77142
-6.18054 -5.7713
-6.17882 -5.77119
-6.17709 -5.77108
-6.17537 -5.77097
-6.17366 -5.77086
-6.17195 -5.77075
-6.17025 -5.77065
-6.16855 -5.77054
-6.16685 -5.77043
-6.16516 -5.77033
-6.16348 -5.77022
-6.1618 -5.77012
-6.16012 -5.77002
-6.15845 -5.76991
-6.15678 -5.76981
-6.15512 -5.76971
-6.15346 -5.76961
-6.15181 -5.76951
-6.15016 -5.76941
-6.14851 -5.76931
-6.14687 -5.76921
-6.14523 -5.76912
-6.1436 -5.76902
-6.14197 -5.76892
-6.14035 -5.76883
-6.13873 -5.76873
-6.13712 -5.76864
-6.13551 -5.76855
-6.1339 -5.76845
-6.1323 -5.76836
-6.1307 -5.76827
-6.1291 -5.76818
-6.12751 -5.76809
-6.12593 -5.768
-6.12435 -5.76791
-6.12277 -5.76782
-6.12119 -5.76773
-6.11962 -5.76764
-6.11806 -5.76756
-6.1165 -5.76747
-6.11494 -5.76738
-6.11339 -5.7673
-6.11184 -5.76721
-6.11029 -5.76713
-6.10875 -5.76704
-6.10721 -5.76696
-6.10568 -5.76688
-6.10414 -5.7668
-6.10262 -5.76671
-6.1011 -5.76663
-6.09958 -5.76655
-6.09806 -5.76647
-6.09655 -5.76639
-6.09504 -5.76631
-6.09354 -5.76623
-6.09204 -5.76615
-6.09054 -5.76608
-6.08905 -5.766
-6.08756 -5.76592
-6.08607 -5.76584
-6.08459 -5.76577
-6.08311 -5.76569
-6.08164 -5.76562
-6.08017 -5.76554
-6.0787 -5.76547
-6.07724 -5.76539
-6.07578 -5.76532
-6.07432 -5.76525
-6.07287 -5.76517
-6.07142 -5.7651
-6.06997 -5.76503
-6.06853 -5.76496
-6.06709 -5.76489
-6.06566 -5.76482
-6.06423 -5.76474
-6.0628 -5.76467
-6.06137 -5.7646
-6.05995 -5.76454
-6.05853 -5.76447
-6.05712 -5.7644
-6.05571 -5.76433
-6.0543 -5.76426
-6.0529 -5.76419
-6.05149 -5.76413
-6.0501 -5.76406
-6.0487 -5.76399
-6.04731 -5.76393
-6.04592 -5.76386
-6.04454 -5.76379
-6.04316 -5.76373
-6.04178 -5.76366
-6.04041 -5.7636
-6.03904 -5.76353
-6.03767 -5.76347
-6.03631 -5.7634
-6.03494 -5.76334
-6.03359 -5.76328
-6.03223 -5.76321
-6.03088 -5.76315
-6.02953 -5.76309
-6.02819 -5.76303
-6.02685 -5.76296
-6.02551 -5.7629
-6.02417 -5.76284
-6.02284 -5.76278
-6.02151 -5.76272
-6.02019 -5.76266
-6.01886 -5.7626
-6.01754 -5.76253
-6.01623 -5.76247
-6.01492 -5.76241
-6.01361 -5.76235
-6.0123 -5.76229
-6.011 -5.76224
-6.0097 -5.76218
-6.0084 -5.76212
-6.0071 -5.76206
-6.00581 -5.762
-6.00453 -5.76194
-6.00324 -5.76188
-6.00196 -5.76182
-6.00068 -5.76177
-5.9994 -5.76171
-5.99813 -5.76165
-5.99686 -5.76159
-5.9956 -5.76153
-5.99433 -5.76148
-5.99307 -5.76142
-5.99182 -5.76136
-5.99056 -5.76131
-5.98931 -5.76125
-5.98806 -5.76119
-5.98682 -5.76114
-5.98558 -5.76108
-5.98434 -5.76102
-5.9831 -5.76097
-5.98187 -5.76091
-5.98064 -5.76085
-5.97941 -5.7608
-5.97819 -5.76074
-5.97697 -5.76069
-5.97575 -5.76063
-5.97454 -5.76058
-5.97332 -5.76052
-5.97212 -5.76046
-5.97091 -5.76041
-5.96971 -5.76035
-5.96851 -5.7603
-5.96731 -5.76024
-5.96612 -5.76019
-5.96493 -5.76013
-5.96374 -5.76008
-5.96255 -5.76002
-5.96137 -5.75997
-5.96019 -5.75991
-5.95902 -5.75986
-5.95784 -5.7598
-5.95667 -5.75975
-5.95551 -5.75969
-5.95434 -5.75964
-5.95318 -5.75958
-5.95202 -5.75953
-5.95087 -5.75948
-5.94971 -5.75942
-5.94857 -5.75937
-5.94742 -5.75931
-5.94628 -5.75926
-5.94514 -5.7592
-5.944 -5.75915
-5.94286 -5.75909
-5.94173 -5.75904
-5.9406 -5.75898
-5.93948 -5.75893
-5.93835 -5.75887
-5.93723 -5.75882
-5.93612 -5.75876
-5.935 -5.75871
-5.93389 -5.75865
-5.93279 -5.7586
-5.93168 -5.75854
-5.93058 -5.75849
-5.92948 -5.75843
-5.92838 -5.75838
-5.92729 -5.75832
-5.9262 -5.75827
-5.92511 -5.75821
-5.92403 -5.75816
-5.92295 -5.7581
-5.92187 -5.75804
-5.92079 -5.75799
-5.91972 -5.75793
-5.91865 -5.75788
-5.91758 -5.75782
-5.91652 -5.75777
-5.91546 -5.75771
-5.9144 -5.75765
-5.91335 -5.7576
-5.91229 -5.75754
-5.91125 -5.75748
-5.9102 -5.75743
-5.90916 -5.75737
-5.90812 -5.75731
-5.90708 -5.75726
-5.90605 -5.7572
-5.90502 -5.75714
-5.90399 -5.75709
-5.90296 -5.75703
-5.90194 -5.75697
-5.90092 -5.75691
-5.89991 -5.75686
-5.89889 -5.7568
-5.89788 -5.75674
-5.89688 -5.75668
-5.89587 -5.75662
-5.89487 -5.75657
-5.89387 -5.75651
-5.89288 -5.75645
-5.89189 -5.75639
-5.8909 -5.75633
-5.88991 -5.75627
-5.88893 -5.75621
-5.88795 -5.75615
-5.88697 -5.7561
-5.886 -5.75604
-5.88503 -5.75598
-5.88406 -5.75592
-5.8831 -5.75586
-5.88213 -5.7558
-5.88118 -5.75574
-5.88022 -5.75568
-5.87927 -5.75562
-5.87832 -5.75556
-5.87737 -5.75549
-5.87643 -5.75543
-5.87549 -5.75537
-5.87455 -5.75531
-5.87362 -5.75525
-5.87269 -5.75519
-5.87176 -5.75513
-5.87084 -5.75507
-5.86991 -5.755
-5.869 -5.75494
-5.86808 -5.75488
-5.86717 -5.75482
-5.86626 -5.75475
-5.86535 -5.75469
-5.86445 -5.75463
-5.86355 -5.75457
-5.86266 -5.7545
-5.86176 -5.75444
-5.86087 -5.75438
-5.85999 -5.75431
-5.8591 -5.75425
-5.85822 -5.75418
-5.85734 -5.75412
-5.85647 -5.75406
-5.8556 -5.75399
-5.85473 -5.75393
-5.85387 -5.75386
-5.85301 -5.7538
-5.85215 -5.75373
-5.85129 -5.75367
-5.85044 -5.7536
-5.84959 -5.75354
-5.84875 -5.75347
-5.84791 -5.75341
-5.84707 -5.75334
-5.84623 -5.75327
-5.8454 -5.75321
-5.84457 -5.75314
-5.84375 -5.75308
-5.84293 -5.75301
-5.84211 -5.75294
-5.84129 -5.75288
-5.84048 -5.75281
-5.83967 -5.75274
-5.83886 -5.75268
-5.83806 -5.75261
-5.83726 -5.75254
-5.83647 -5.75247
-5.83568 -5.75241
-5.83489 -5.75234
-5.8341 -5.75227
-5.83332 -5.7522
-5.83254 -5.75213
-5.83176 -5.75207
-5.83099 -5.752
-5.83022 -5.75193
-5.82946 -5.75186
-5.8287 -5.75179
-5.82794 -5.75172
-5.82718 -5.75165
-5.82643 -5.75159
-5.82568 -5.75152
-5.82494 -5.75145
-5.8242 -5.75138
-5.82346 -5.75131
-5.82273 -5.75124
-5.822 -5.75117
-5.82127 -5.7511
-5.82055 -5.75103
-5.81983 -5.75096
-5.81911 -5.75089
-5.8184 -5.75082
-5.81769 -5.75076
-5.81698 -5.75069
-5.81628 -5.75062
-5.81558 -5.75055
-5.81488 -5.75048
-5.81419 -5.75041
-5.8135 -5.75034
-5.81282 -5.75027
-5.81214 -5.7502
-5.81146 -5.75013
-5.81078 -5.75006
-5.81011 -5.74999
-5.80945 -5.74992
-5.80878 -5.74985
-5.80813 -5.74978
-5.80747 -5.74971
-5.80682 -5.74964
-5.80617 -5.74957
-5.80552 -5.7495
-5.80488 -5.74943
-5.80424 -5.74937
-5.80361 -5.7493
-5.80298 -5.74923
-5.80235 -5.74916
-5.80173 -5.74909
-5.80111 -5.74902
-5.8005 -5.74895
-5.79989 -5.74888
-5.79928 -5.74882
-5.79867 -5.74875
-5.79807 -5.74868
-5.79748 -5.74861
-5.79688 -5.74854
-5.79629 -5.74848
-5.79571 -5.74841
-5.79513 -5.74834
-5.79455 -5.74827
-5.79398 -5.74821
-5.79341 -5.74814
-5.79284 -5.74807
-5.79228 -5.74801
-5.79172 -5.74794
-5.79117 -5.74787
-5.79061 -5.74781
-5.79007 -5.74774
-5.78952 -5.74768
-5.78899 -5.74761
-5.78845 -5.74755
-5.78792 -5.74748
-5.78739 -5.74742
-5.78687 -5.74736
-5.78635 -5.74729
-5.78583 -5.74723
-5.78532 -5.74717
-5.78481 -5.7471
-5.78431 -5.74704
-5.78381 -5.74698
-5.78331 -5.74692
-5.78282 -5.74686
-5.78233 -5.7468
-5.78185 -5.74674
-5.78137 -5.74668
-5.78089 -5.74662
-5.78042 -5.74656
-5.77995 -5.7465
-5.77949 -5.74644
-5.77903 -5.74638
-5.77857 -5.74633
-5.77812 -5.74627
-5.77767 -5.74621
-5.77723 -5.74616
-5.77679 -5.7461
-5.77635 -5.74605
-5.77592 -5.746
-5.77549 -5.74594
-5.77507 -5.74589
-5.77465 -5.74584
-5.77423 -5.74578
-5.77382 -5.74573
-5.77341 -5.74568
-5.77301 -5.74563
-5.77261 -5.74558
-5.77221 -5.74553
-5.77182 -5.74549
-5.77144 -5.74544
-5.77105 -5.74539
-5.77067 -5.74535
-5.7703 -5.7453
-5.76993 -5.74526
-5.76956 -5.74521
-5.7692 -5.74517
-5.76884 -5.74513
-5.76849 -5.74509
-5.76814 -5.74505
-5.7678 -5.74501
-5.76745 -5.74497
-5.76712 -5.74493
-5.76678 -5.74489
-5.76646 -5.74485
-5.76613 -5.74482
-5.76581 -5.74478
-5.76549 -5.74475
-5.76518 -5.74472
-5.76487 -5.74468
-5.76457 -5.74465
-5.76427 -5.74462
-5.76398 -5.74459
-5.76369 -5.74457
-5.7634 -5.74454
-5.76312 -5.74451
-5.76284 -5.74449
-5.76256 -5.74446
-5.76229 -5.74444
-5.76203 -5.74442
-5.76177 -5.7444
-5.76151 -5.74438
-5.76126 -5.74436
-5.76101 -5.74434
-5.76076 -5.74433
-5.76052 -5.74431
-5.76029 -5.7443
-5.76006 -5.74429
-5.75983 -5.74427
-5.75961 -5.74426
-5.75939 -5.74425
-5.75917 -5.74425
-5.75896 -5.74424
-5.75875 -5.74424
-5.75855 -5.74423
-5.75836 -5.74423
-5.75816 -5.74423
-5.75797 -5.74423
-5.75779 -5.74423
-5.75761 -5.74423
-5.75743 -5.74424
-5.75726 -5.74424
-5.75709 -5.74425
-5.75693 -5.74426
-5.75677 -5.74427
-5.75661 -5.74428
-5.75646 -5.7443
-5.75631 -5.74431
-5.75617 -5.74433
-5.75603 -5.74435
-5.7559 -5.74437
-5.75577 -5.74439
-5.75564 -5.74441
-5.75552 -5.74443
-5.7554 -5.74446
-5.75529 -5.74449
-5.75518 -5.74452
-5.75507 -5.74455
-5.75497 -5.74458
-5.75488 -5.74462
-5.75478 -5.74465
-5.7547 -5.74469
-5.75461 -5.74473
-5.75453 -5.74477
-5.75446 -5.74482
-5.75438 -5.74486
-5.75432 -5.74491
-5.75425 -5.74496
-5.7542 -5.74501
-5.75414 -5.74506
-5.75409 -5.74512
-5.75404 -5.74517
-5.754 -5.74523
-5.75396 -5.74529
-5.75393 -5.74536
-5.7539 -5.74542
-5.75387 -5.74549
-5.75385 -5.74556
-5.75383 -5.74563
-5.75382 -5.7457
-5.75381 -5.74578
-5.7538 -5.74586
-5.7538 -5.74594
-5.7538 -5.74602
-5.75381 -5.7461
-5.75382 -5.74619
-5.75383 -5.74628
-5.75385 -5.74637
-5.75387 -5.74646
-5.7539 -5.74655
-5.75393 -5.74665
-5.75396 -5.74675
-5.754 -5.74685
-5.75404 -5.74696
-5.75409 -5.74706
-5.75414 -5.74717
-5.75419 -5.74728
-5.75425 -5.7474
-5.75431 -5.74751
-5.75437 -5.74763
-5.75444 -5.74775
-5.75452 -5.74788
-5.75459 -5.748
-5.75467 -5.74813
-5.75476 -5.74826
-5.75485 -5.74839
-5.75494 -5.74853
-5.75503 -5.74867
-5.75513 -5.74881
-5.75524 -5.74895
-5.75534 -5.7491
-5.75545 -5.74925
-5.75557 -5.7494
-5.75568 -5.74955
-5.75581 -5.74971
-5.75593 -5.74987
-5.75606 -5.75003
-5.75619 -5.7502
-5.75633 -5.75036
-5.75647 -5.75054
-5.75661 -5.75071
-5.75676 -5.75088
-5.75691 -5.75106
-5.75706 -5.75124
-5.75722 -5.75143
-5.75738 -5.75162
-5.75754 -5.7518
-5.75771 -5.752
-5.75788 -5.75219
-5.75805 -5.75239
-5.75823 -5.75259
-5.75841 -5.7528
-5.7586 -5.753
-5.75879 -5.75321
-5.75898 -5.75343
-5.75917 -5.75364
-5.75937 -5.75386
-5.75957 -5.75408
-5.75977 -5.75431
-5.75998 -5.75454
-5.76019 -5.75477
-5.7604 -5.755
-5.76062 -5.75524
-5.76084 -5.75548
-5.76106 -5.75572
-5.76129 -5.75596
-5.76152 -5.75621
-5.76175 -5.75647
-5.76198 -5.75672
-5.76222 -5.75698
-5.76246 -5.75724
-5.76271 -5.7575
-5.76295 -5.75777
-5.7632 -5.75804
-5.76346 -5.75832
-5.76371 -5.75859
-5.76397 -5.75887
-5.76423 -5.75916
-5.7645 -5.75944
-5.76476 -5.75973
-5.76503 -5.76003
-5.76531 -5.76032
-5.76558 -5.76062
-5.76586 -5.76092
-5.76614 -5.76123
-5.76642 -5.76154
-5.76671 -5.76185
-5.767 -5.76217
-5.76729 -5.76248
-5.76758 -5.76281
-5.76788 -5.76313
-5.76817 -5.76346
-5.76847 -5.76379
-5.76878 -5.76413
-5.76908 -5.76446
-5.76939 -5.76481
-5.7697 -5.76515
-5.77001 -5.7655
-5.77033 -5.76585
-5.77065 -5.7662
-5.77097 -5.76656
-5.77129 -5.76692
-5.77161 -5.76729
-5.77194 -5.76766
-5.77227 -5.76803
-5.7726 -5.7684
-5.77293 -5.76878
-5.77326 -5.76916
-5.7736 -5.76954
-5.77394 -5.76993
-5.77428 -5.77032
-5.77462 -5.77072
-5.77497 -5.77111
-5.77531 -5.77152
-5.77566 -5.77192
-5.77601 -5.77233
-5.77636 -5.77274
-5.77672 -5.77315
-5.77707 -5.77357
-5.77743 -5.77399
-5.77779 -5.77441
-5.77815 -5.77484
-5.77851 -5.77527
-5.77888 -5.77571
-5.77924 -5.77614
-5.77961 -5.77658
-5.77998 -5.77703
-5.78035 -5.77748
-5.78072 -5.77793
-5.7811 -5.77838
-5.78147 -5.77884
-5.78185 -5.7793
-5.78223 -5.77976
-5.78261 -5.78023
-5.78299 -5.7807
-5.78337 -5.78117
-5.78375 -5.78165
-5.78414 -5.78213
-5.78452 -5.78261
-5.78491 -5.7831
-5.7853 -5.78359
-5.78569 -5.78408
-5.78608 -5.78457
-5.78647 -5.78507
-5.78686 -5.78558
-5.78726 -5.78608
-5.78765 -5.78659
-5.78805 -5.7871
-5.78844 -5.78762
-5.78884 -5.78814
-5.78924 -5.78866
-5.78964 -5.78918
-5.79004 -5.78971
-5.79044 -5.79024
-5.79084 -5.79077
-5.79124 -5.79131
-5.79165 -5.79185
-5.79205 -5.79239
-5.79246 -5.79294
-5.79286 -5.79349
-5.79327 -5.79404
-5.79367 -5.7946
-5.79408 -5.79516
-5.79449 -5.79572
-5.7949 -5.79628
-5.79531 -5.79685
-5.79572 -5.79742
-5.79613 -5.79799
-5.79654 -5.79857
-5.79695 -5.79915
-5.79736 -5.79973
-5.79777 -5.80032
-5.79818 -5.8009
-5.79859 -5.80149
-5.79901 -5.80209
-5.79942 -5.80268
-5.79983 -5.80328
-5.80024 -5.80389
-5.80066 -5.80449
-5.80107 -5.8051
-5.80148 -5.80571
-5.8019 -5.80632
-5.80231 -5.80694
-5.80273 -5.80756
-5.80314 -5.80818
-5.80355 -5.8088
-5.80397 -5.80943
-5.80438 -5.81006
-5.80479 -5.81069
-5.80521 -5.81133
-5.80562 -5.81196
-5.80603 -5.8126
-5.80645 -5.81325
-5.80686 -5.81389
-5.80727 -5.81454
-5.80768 -5.81519
-5.8081 -5.81584
-5.80851 -5.8165
-5.80892 -5.81716
-5.80933 -5.81782
-5.80974 -5.81848
-5.81015 -5.81914
-5.81056 -5.81981
-5.81097 -5.82048
-5.81138 -5.82115
-5.81179 -5.82183
-5.8122 -5.8225
-5.81261 -5.82318
-5.81301 -5.82386
-5.81342 -5.82455
-5.81383 -5.82523
-5.81423 -5.82592
-5.81464 -5.82661
-5.81504 -5.8273
-5.81544 -5.828
-5.81585 -5.82869
-5.81625 -5.82939
-5.81665 -5.83009
-5.81705 -5.8308
-5.81745 -5.8315
-5.81785 -5.83221
-5.81825 -5.83292
-5.81865 -5.83363
-5.81904 -5.83434
-5.81944 -5.83506
-5.81983 -5.83577
-5.82023 -5.83649
-5.82062 -5.83721
-5.82101 -5.83794
-5.8214 -5.83866
-5.82179 -5.83939
-5.82218 -5.84011
-5.82257 -5.84084
-5.82296 -5.84157
-5.82334 -5.84231
-5.82373 -5.84304
-5.82411 -5.84378
-5.8245 -5.84452
-5.82488 -5.84526
-5.82526 -5.846
-5.82564 -5.84674
-5.82602 -5.84748
-5.82639 -5.84823
-5.82677 -5.84898
-5.82714 -5.84973
-5.82752 -5.85048
-5.82789 -5.85123
-5.82826 -5.85198
-5.82863 -5.85274
-5.829 -5.85349
-5.82937 -5.85425
-5.82973 -5.85501
-5.8301 -5.85577
-5.83046 -5.85653
-5.83082 -5.85729
-5.83118 -5.85806
-5.83154 -5.85882
-5.8319 -5.85959
-5.83225 -5.86035
-5.83261 -5.86112
-5.83296 -5.86189
-5.83331 -5.86266
-5.83366 -5.86343
-5.83401 -5.86421
-5.83436 -5.86498
-5.8347 -5.86576
-5.83505 -5.86653
-5.83539 -5.86731
-5.83573 -5.86809
-5.83607 -5.86886
-5.83641 -5.86964
-5.83674 -5.87042
-5.83708 -5.8712
-5.83741 -5.87199
-5.83774 -5.87277
-5.83807 -5.87355
-5.8384 -5.87434
-5.83873 -5.87512
-5.83905 -5.87591
-5.83937 -5.87669
-5.83969 -5.87748
-5.84001 -5.87827
-5.84033 -5.87905
-5.84065 -5.87984
-5.84096 -5.88063
-5.84127 -5.88142
-5.84159 -5.88221
-5.84189 -5.883
-5.8422 -5.88379
-5.84251 -5.88458
-5.84281 -5.88538
-5.84311 -5.88617
-5.84341 -5.88696
-5.84371 -5.88775
-5.84401 -5.88855
-5.8443 -5.88934
-5.84459 -5.89013
-5.84488 -5.89093
-5.84517 -5.89172
-5.84546 -5.89252
-5.84574 -5.89331
-5.84603 -5.8941
-5.84631 -5.8949
-5.84659 -5.89569
-5.84687 -5.89649
-5.84714 -5.89728
-5.84741 -5.89808
-5.84769 -5.89887
-5.84796 -5.89967
-5.84822 -5.90046
-5.84849 -5.90126
-5.84875 -5.90205
-5.84901 -5.90285
-5.84927 -5.90364
-5.84953 -5.90444
-5.84979 -5.90523
-5.85004 -5.90603
-5.85029 -5.90682
-5.85054 -5.90761
-5.85079 -5.90841
-5.85103 -5.9092
-5.85128 -5.90999
-5.85152 -5.91079
-5.85176 -5.91158
-5.852 -5.91237
-5.85223 -5.91316
-5.85246 -5.91396
-5.8527 -5.91475
-5.85292 -5.91554
-5.85315 -5.91633
-5.85338 -5.91712
-5.8536 -5.91791
-5.85382 -5.91869
-5.85404 -5.91948
-5.85425 -5.92027
-5.85447 -5.92106
-5.85468 -5.92184
-5.85489 -5.92263
-5.8551 -5.92341
-5.8553 -5.9242
-5.85551 -5.92498
-5.85571 -5.92577
-5.85591 -5.92655
-5.85611 -5.92733
-5.8563 -5.92811
-5.85649 -5.92889
-5.85668 -5.92967
-5.85687 -5.93045
-5.85706 -5.93123
-5.85724 -5.93201
-5.85743 -5.93278
-5.85761 -5.93356
-5.85778 -5.93433
-5.85796 -5.93511
-5.85813 -5.93588
-5.8583 -5.93665
-5.85847 -5.93742
-5.85864 -5.93819
-5.8588 -5.93896
-5.85897 -5.93973
-5.85913 -5.94049
-5.85928 -5.94126
-5.85944 -5.94203
-5.85959 -5.94279
-5.85974 -5.94355
-5.85989 -5.94431
-5.86004 -5.94507
-5.86018 -5.94583
-5.86033 -5.94659
-5.86047 -5.94735
-5.86061 -5.94811
-5.86074 -5.94886
-5.86087 -5.94961
-5.86101 -5.95037
-5.86113 -5.95112
-5.86126 -5.95187
-5.86139 -5.95262
-5.86151 -5.95336
-5.86163 -5.95411
-5.86175 -5.95485
-5.86186 -5.9556
-5.86197 -5.95634
-5.86209 -5.95708
-5.86219 -5.95782
-5.8623 -5.95856
-5.86241 -5.95929
-5.86251 -5.96003
-5.86261 -5.96076
-5.8627 -5.9615
-5.8628 -5.96223
-5.86289 -5.96296
-5.86298 -5.96369
-5.86307 -5.96441
-5.86316 -5.96514
-5.86324 -5.96586
-5.86332 -5.96658
-5.8634 -5.9673
-5.86348 -5.96802
-5.86355 -5.96874
-5.86363 -5.96946
-5.8637 -5.97017
-5.86376 -5.97089
-5.86383 -5.9716
-5.86389 -5.97231
-5.86395 -5.97301
-5.86401 -5.97372
-5.86407 -5.97443
-5.86412 -5.97513
-5.86418 -5.97583
-5.86423 -5.97653
-5.86427 -5.97723
-5.86432 -5.97793
-5.86436 -5.97862
-5.8644 -5.97932
-5.86444 -5.98001
-5.86448 -5.9807
-5.86451 -5.98139
-5.86454 -5.98207
-5.86457 -5.98276
-5.8646 -5.98344
-5.86462 -5.98412
-5.86464 -5.9848
-5.86466 -5.98548
-5.86468 -5.98615
-5.8647 -5.98683
-5.86471 -5.9875
-5.86472 -5.98817
-5.86473 -5.98884
-5.86473 -5.98951
-5.86474 -5.99017
-5.86474 -5.99084
-5.86474 -5.9915
-5.86474 -5.99216
-5.86473 -5.99282
-5.86472 -5.99347
-5.86471 -5.99413
-5.8647 -5.99478
-5.86469 -5.99543
-5.86467 -5.99608
-5.86465 -5.99672
-5.86463 -5.99737
-5.8646 -5.99801
-5.86458 -5.99865
-5.86455 -5.99929
-5.86452 -5.99993
-5.86449 -6.00056
-5.86445 -6.0012
-5.86441 -6.00183
-5.86437 -6.00246
-5.86433 -6.00309
-5.86429 -6.00371
-5.86424 -6.00434
-5.86419 -6.00496
-5.86414 -6.00558
-5.86409 -6.0062
-5.86403 -6.00681
-5.86397 -6.00743
-5.86391 -6.00804
-5.86385 -6.00865
-5.86378 -6.00926
-5.86371 -6.00986
-5.86364 -6.01047
-5.86357 -6.01107
-5.8635 -6.01167
-5.86342 -6.01227
-5.86334 -6.01286
-5.86326 -6.01346
-5.86318 -6.01405
-5.86309 -6.01464
-5.863 -6.01523
-5.86291 -6.01582
-5.86282 -6.0164
-5.86272 -6.01698
-5.86263 -6.01756
-5.86253 -6.01814
-5.86242 -6.01872
-5.86232 -6.01929
-5.86221 -6.01987
-5.8621 -6.02044
-5.86199 -6.02101
-5.86188 -6.02157
-5.86176 -6.02214
-5.86164 -6.0227
-5.86152 -6.02326
-5.8614 -6.02382
-5.86127 -6.02437
-5.86115 -6.02493
-5.86102 -6.02548
-5.86088 -6.02603
-5.86075 -6.02658
-5.86061 -6.02713
-5.86047 -6.02767
-5.86033 -6.02821
-5.86019 -6.02876
-5.86004 -6.02929
-5.85989 -6.02983
-5.85974 -6.03037
-5.85959 -6.0309
-5.85943 -6.03143
-5.85927 -6.03196
-5.85911 -6.03248
-5.85895 -6.03301
-5.85879 -6.03353
-5.85862 -6.03405
-5.85845 -6.03457
-5.85828 -6.03509
-5.8581 -6.0356
-5.85793 -6.03612
-5.85775 -6.03663
-5.85757 -6.03714
-5.85738 -6.03765
-5.8572 -6.03815
-5.85701 -6.03865
-5.85682 -6.03916
-5.85663 -6.03966
-5.85643 -6.04015
-5.85624 -6.04065
-5.85604 -6.04114
-5.85583 -6.04163
-5.85563 -6.04212
-5.85542 -6.04261
-5.85522 -6.0431
-5.855 -6.04358
-5.85479 -6.04407
-5.85457 -6.04455
-5.85436 -6.04502
-5.85414 -6.0455
-5.85391 -6.04598
-5.85369 -6.04645
-5.85346 -6.04692
-5.85323 -6.04739
-5.853 -6.04786
-5.85277 -6.04832
-5.85253 -6.04879
