Path for ray(in pc) -7 -2
Points calculated each 200 days for 1000 years.
-0.9375 -1.11535
-0.93769 -1.11341
-0.937885 -1.11146
-0.938084 -1.10949
-0.938286 -1.10752
-0.938493 -1.10553
-0.938703 -1.10354
-0.938918 -1.10153
-0.939136 -1.09951
-0.939359 -1.09747
-0.939586 -1.09543
-0.939817 -1.09338
-0.940052 -1.09131
-0.940292 -1.08923
-0.940536 -1.08714
-0.940784 -1.08504
-0.941036 -1.08293
-0.941293 -1.0808
-0.941554 -1.07867
-0.941819 -1.07652
-0.942089 -1.07436
-0.942364 -1.07219
-0.942642 -1.07
-0.942926 -1.06781
-0.943214 -1.0656
-0.943506 -1.06338
-0.943804 -1.06115
-0.944106 -1.05891
-0.944412 -1.05665
-0.944724 -1.05438
-0.94504 -1.05211
-0.945361 -1.04981
-0.945686 -1.04751
-0.946017 -1.04519
-0.946353 -1.04286
-0.946693 -1.04052
-0.947039 -1.03817
-0.947389 -1.03581
-0.947745 -1.03343
-0.948106 -1.03104
-0.948471 -1.02863
-0.948843 -1.02622
-0.949219 -1.02379
-0.9496 -1.02135
-0.949987 -1.0189
-0.95038 -1.01643
-0.950777 -1.01396
-0.95118 -1.01146
-0.951589 -1.00896
-0.952003 -1.00644
-0.952422 -1.00392
-0.952848 -1.00137
-0.953278 -0.99882
-0.953715 -0.996252
-0.954157 -0.993672
-0.954605 -0.991079
-0.955059 -0.988473
-0.955519 -0.985854
-0.955985 -0.983222
-0.956456 -0.980577
-0.956934 -0.977918
-0.957418 -0.975247
-0.957908 -0.972563
-0.958404 -0.969865
-0.958906 -0.967155
-0.959414 -0.964431
-0.959929 -0.961694
-0.96045 -0.958943
-0.960978 -0.95618
-0.961512 -0.953403
-0.962052 -0.950612
-0.962599 -0.947809
-0.963153 -0.944992
-0.963713 -0.942161
-0.96428 -0.939318
-0.964854 -0.93646
-0.965435 -0.933589
-0.966022 -0.930705
-0.966617 -0.927807
-0.967219 -0.924896
-0.967827 -0.921971
-0.968443 -0.919032
-0.969066 -0.91608
-0.969696 -0.913114
-0.970333 -0.910134
-0.970978 -0.907141
-0.97163 -0.904134
-0.97229 -0.901113
-0.972957 -0.898079
-0.973632 -0.89503
-0.974314 -0.891968
-0.975004 -0.888892
-0.975702 -0.885802
-0.976408 -0.882699
-0.977122 -0.879581
-0.977843 -0.876449
-0.978573 -0.873304
-0.979311 -0.870144
-0.980057 -0.866971
-0.980811 -0.863784
-0.981574 -0.860582
-0.982345 -0.857367
-0.983124 -0.854137
-0.983912 -0.850894
-0.984708 -0.847636
-0.985514 -0.844364
-0.986327 -0.841079
-0.98715 -0.837779
-0.987981 -0.834464
-0.988822 -0.831136
-0.989671 -0.827794
-0.99053 -0.824437
-0.991398 -0.821066
-0.992275 -0.817681
-0.993161 -0.814282
-0.994057 -0.810869
-0.994962 -0.807441
-0.995876 -0.803999
-0.996801 -0.800543
-0.997735 -0.797073
-0.998679 -0.793588
-0.999632 -0.790089
-1.0006 -0.786576
-1.00157 -0.783048
-1.00255 -0.779506
-1.00355 -0.77595
-1.00455 -0.772379
-1.00557 -0.768794
-1.00659 -0.765195
-1.00763 -0.761582
-1.00867 -0.757954
-1.00973 -0.754312
-1.0108 -0.750655
-1.01187 -0.746984
-1.01296 -0.743299
-1.01406 -0.7396
-1.01518 -0.735886
-1.0163 -0.732157
-1.01743 -0.728415
-1.01858 -0.724658
-1.01974 -0.720887
-1.0209 -0.717101
-1.02208 -0.713301
-1.02328 -0.709487
-1.02448 -0.705659
-1.0257 -0.701816
-1.02692 -0.697959
-1.02816 -0.694087
-1.02942 -0.690202
-1.03068 -0.686302
-1.03196 -0.682388
-1.03325 -0.678459
-1.03455 -0.674517
-1.03586 -0.67056
-1.03719 -0.666589
-1.03853 -0.662603
-1.03989 -0.658604
-1.04125 -0.65459
-1.04263 -0.650563
-1.04403 -0.646521
-1.04543 -0.642465
-1.04685 -0.638395
-1.04829 -0.634311
-1.04974 -0.630213
-1.0512 -0.626101
-1.05267 -0.621975
-1.05416 -0.617835
-1.05567 -0.613681
-1.05719 -0.609513
-1.05872 -0.605331
-1.06027 -0.601136
-1.06183 -0.596926
-1.0634 -0.592703
-1.065 -0.588466
-1.0666 -0.584216
-1.06822 -0.579951
-1.06986 -0.575673
-1.07151 -0.571382
-1.07318 -0.567077
-1.07486 -0.562758
-1.07656 -0.558426
-1.07827 -0.554081
-1.08 -0.549722
-1.08175 -0.545349
-1.08351 -0.540964
-1.08529 -0.536565
-1.08708 -0.532153
-1.08889 -0.527728
-1.09072 -0.523289
-1.09257 -0.518838
-1.09443 -0.514373
-1.0963 -0.509896
-1.0982 -0.505406
-1.10011 -0.500903
-1.10204 -0.496387
-1.10399 -0.491858
-1.10595 -0.487317
-1.10793 -0.482763
-1.10993 -0.478197
-1.11195 -0.473618
-1.11399 -0.469027
-1.11604 -0.464423
-1.11811 -0.459807
-1.1202 -0.455179
-1.12231 -0.450539
-1.12444 -0.445887
-1.12658 -0.441223
-1.12875 -0.436547
-1.13093 -0.43186
-1.13313 -0.42716
-1.13536 -0.422449
-1.1376 -0.417726
-1.13986 -0.412992
-1.14214 -0.408247
-1.14444 -0.40349
-1.14676 -0.398722
-1.1491 -0.393943
-1.15146 -0.389153
-1.15384 -0.384353
-1.15624 -0.379541
-1.15866 -0.374719
-1.1611 -0.369886
-1.16356 -0.365042
-1.16605 -0.360188
-1.16855 -0.355324
-1.17108 -0.35045
-1.17362 -0.345565
-1.17619 -0.340671
-1.17878 -0.335767
-1.18139 -0.330853
-1.18402 -0.32593
-1.18668 -0.320997
-1.18936 -0.316055
-1.19205 -0.311103
-1.19478 -0.306143
-1.19752 -0.301173
-1.20028 -0.296195
-1.20307 -0.291208
-1.20588 -0.286212
-1.20872 -0.281208
-1.21157 -0.276196
-1.21445 -0.271175
-1.21736 -0.266147
-1.22028 -0.261111
-1.22323 -0.256067
-1.22621 -0.251015
-1.22921 -0.245956
-1.23223 -0.24089
-1.23527 -0.235817
-1.23834 -0.230736
-1.24143 -0.22565
-1.24455 -0.220556
-1.24769 -0.215456
-1.25086 -0.21035
-1.25405 -0.205237
-1.25727 -0.200119
-1.26051 -0.194995
-1.26377 -0.189866
-1.26706 -0.184731
-1.27038 -0.17959
-1.27372 -0.174445
-1.27709 -0.169295
-1.28048 -0.164141
-1.2839 -0.158981
-1.28734 -0.153818
-1.29081 -0.148651
-1.2943 -0.143479
-1.29783 -0.138304
-1.30137 -0.133126
-1.30495 -0.127944
-1.30855 -0.12276
-1.31217 -0.117572
-1.31583 -0.112382
-1.31951 -0.10719
-1.32321 -0.101995
-1.32695 -0.0967986
-1.33071 -0.0916003
-1.33449 -0.0864005
-1.33831 -0.0811994
-1.34215 -0.0759973
-1.34602 -0.0707945
-1.34991 -0.065591
-1.35384 -0.0603873
-1.35779 -0.0551834
-1.36177 -0.0499798
-1.36577 -0.0447765
-1.36981 -0.039574
-1.37387 -0.0343723
-1.37796 -0.0291719
-1.38208 -0.0239728
-1.38622 -0.0187755
-1.3904 -0.0135801
-1.3946 -0.00838702
-1.39883 -0.0031964
-1.40309 0.00199145
-1.40737 0.00717625
-1.41169 0.0123577
-1.41603 0.0175356
-1.4204 0.0227096
-1.42481 0.0278794
-1.42923 0.0330447
-1.43369 0.0382053
-1.43818 0.0433608
-1.44269 0.048511
-1.44724 0.0536556
-1.45181 0.0587942
-1.45641 0.0639265
-1.46104 0.0690523
-1.4657 0.0741712
-1.47039 0.0792829
-1.47511 0.0843872
-1.47985 0.0894836
-1.48463 0.0945719
-1.48943 0.0996517
-1.49427 0.104723
-1.49913 0.109785
-1.50402 0.114837
-1.50894 0.11988
-1.51389 0.124912
-1.51887 0.129934
-1.52387 0.134946
-1.52891 0.139946
-1.53398 0.144935
-1.53907 0.149911
-1.54419 0.154876
-1.54934 0.159828
-1.55452 0.164767
-1.55973 0.169693
-1.56497 0.174605
-1.57024 0.179503
-1.57553 0.184387
-1.58086 0.189256
-1.58621 0.19411
-1.59159 0.198949
-1.597 0.203771
-1.60244 0.208577
-1.60791 0.213367
-1.6134 0.21814
-1.61893 0.222895
-1.62448 0.227632
-1.63006 0.232351
-1.63567 0.237052
-1.6413 0.241733
-1.64697 0.246395
-1.65266 0.251037
-1.65838 0.255659
-1.66413 0.26026
-1.6699 0.26484
-1.6757 0.269399
-1.68153 0.273935
-1.68739 0.278449
-1.69327 0.282941
-1.69918 0.287409
-1.70512 0.291854
-1.71109 0.296274
-1.71708 0.30067
-1.72309 0.305041
-1.72914 0.309387
-1.73521 0.313707
-1.7413 0.318
-1.74742 0.322267
-1.75357 0.326506
-1.75974 0.330718
-1.76594 0.334901
-1.77217 0.339056
-1.77841 0.343182
-1.78469 0.347278
-1.79099 0.351345
-1.79731 0.35538
-1.80366 0.359385
-1.81003 0.363358
-1.81642 0.3673
-1.82284 0.371208
-1.82929 0.375084
-1.83575 0.378927
-1.84224 0.382735
-1.84875 0.386509
-1.85529 0.390248
-1.86185 0.393951
-1.86843 0.397619
-1.87503 0.401249
-1.88166 0.404843
-1.8883 0.408399
-1.89497 0.411917
-1.90166 0.415397
-1.90837 0.418837
-1.9151 0.422237
-1.92185 0.425597
-1.92863 0.428916
-1.93542 0.432193
-1.94223 0.435429
-1.94906 0.438622
-1.95592 0.441772
-1.96279 0.444878
-1.96968 0.447939
-1.97659 0.450956
-1.98352 0.453927
-1.99046 0.456852
-1.99743 0.459731
-2.00441 0.462562
-2.01141 0.465345
-2.01843 0.468079
-2.02546 0.470764
-2.03252 0.473399
-2.03958 0.475983
-2.04667 0.478517
-2.05377 0.480998
-2.06089 0.483427
-2.06803 0.485803
-2.07518 0.488125
-2.08234 0.490392
-2.08953 0.492603
-2.09672 0.494759
-2.10394 0.496858
-2.11116 0.4989
-2.11841 0.500883
-2.12567 0.502808
-2.13294 0.504672
-2.14022 0.506477
-2.14753 0.50822
-2.15484 0.509901
-2.16217 0.511519
-2.16952 0.513073
-2.17688 0.514564
-2.18425 0.515989
-2.19164 0.517348
-2.19904 0.51864
-2.20646 0.519864
-2.21389 0.52102
-2.22133 0.522106
-2.22879 0.523122
-2.23627 0.524067
-2.24376 0.524939
-2.25126 0.525739
-2.25879 0.526465
-2.26632 0.527116
-2.27387 0.527692
-2.28144 0.52819
-2.28903 0.528611
-2.29663 0.528954
-2.30425 0.529217
-2.31189 0.5294
-2.31955 0.529502
-2.32722 0.529521
-2.33492 0.529457
-2.34264 0.529308
-2.35038 0.529075
-2.35814 0.528756
-2.36592 0.528349
-2.37373 0.527855
-2.38156 0.527272
-2.38942 0.526599
-2.39731 0.525836
-2.40522 0.524981
-2.41317 0.524034
-2.42115 0.522994
-2.42916 0.52186
-2.4372 0.520631
-2.44528 0.519307
-2.4534 0.517887
-2.46155 0.51637
-2.46975 0.514757
-2.478 0.513046
-2.48628 0.511236
-2.49462 0.509329
-2.50301 0.507322
-2.51145 0.505217
-2.51994 0.503013
-2.5285 0.500711
-2.53711 0.498309
-2.54579 0.495809
-2.55453 0.493212
-2.56335 0.490516
-2.57223 0.487725
-2.5812 0.484837
-2.59024 0.481855
-2.59937 0.47878
-2.60858 0.475613
-2.61789 0.472355
-2.62729 0.46901
-2.63678 0.465579
-2.64638 0.462064
-2.65609 0.458469
-2.6659 0.454796
-2.67583 0.451049
-2.68587 0.447231
-2.69603 0.443347
-2.70632 0.4394
-2.71674 0.435396
-2.72729 0.43134
-2.73797 0.427236
-2.7488 0.423092
-2.75976 0.418911
-2.77087 0.414703
-2.78213 0.410472
-2.79353 0.406227
-2.80509 0.401975
-2.8168 0.397724
-2.82866 0.393481
-2.84068 0.389257
-2.85285 0.385059
-2.86518 0.380896
-2.87766 0.376778
-2.8903 0.372714
-2.90308 0.368715
-2.91601 0.364788
-2.92909 0.360945
-2.94231 0.357195
-2.95566 0.353547
-2.96915 0.350012
-2.98276 0.346598
-2.99648 0.343314
-3.01032 0.34017
-3.02426 0.337174
-3.0383 0.334333
-3.05242 0.331656
-3.06661 0.329149
-3.08087 0.326819
-3.09518 0.324671
-3.10954 0.32271
-3.12392 0.32094
-3.13832 0.319365
-3.15273 0.317988
-3.16713 0.316809
-3.18152 0.315831
-3.19587 0.315052
-3.21017 0.314473
-3.22442 0.314091
-3.2386 0.313904
-3.2527 0.313909
-3.26671 0.314101
-3.28061 0.314476
-3.2944 0.315028
-3.30807 0.315751
-3.3216 0.316638
-3.33499 0.317681
-3.34822 0.318874
-3.3613 0.320207
-3.37421 0.321672
-3.38695 0.323261
-3.39952 0.324964
-3.4119 0.326773
-3.42409 0.328677
-3.43609 0.330667
-3.4479 0.332735
-3.45952 0.33487
-3.47093 0.337064
-3.48215 0.339308
-3.49317 0.341592
-3.504 0.343909
-3.51463 0.34625
-3.52506 0.348607
-3.53529 0.350972
-3.54534 0.353337
-3.55519 0.355697
-3.56486 0.358044
-3.57434 0.360371
-3.58365 0.362674
-3.59277 0.364946
-3.60172 0.367181
-3.6105 0.369376
-3.61912 0.371526
-3.62757 0.373626
-3.63586 0.375673
-3.644 0.377663
-3.65199 0.379593
-3.65984 0.381461
-3.66754 0.383263
-3.67511 0.384997
-3.68254 0.386663
-3.68984 0.388256
-3.69702 0.389777
-3.70408 0.391225
-3.71102 0.392596
-3.71785 0.393893
-3.72456 0.395112
-3.73118 0.396254
-3.73768 0.39732
-3.74409 0.398307
-3.75041 0.399217
-3.75663 0.400049
-3.76276 0.400805
-3.7688 0.401483
-3.77477 0.402085
-3.78065 0.402611
-3.78645 0.403061
-3.79218 0.403437
-3.79783 0.403739
-3.80341 0.403968
-3.80893 0.404124
-3.81438 0.40421
-3.81976 0.404224
-3.82508 0.40417
-3.83035 0.404047
-3.83555 0.403856
-3.8407 0.4036
-3.84579 0.403278
-3.85083 0.402892
-3.85581 0.402442
-3.86075 0.401931
-3.86564 0.40136
-3.87048 0.400728
-3.87527 0.400038
-3.88002 0.399291
-3.88472 0.398487
-3.88938 0.397629
-3.894 0.396716
-3.89858 0.39575
-3.90312 0.394733
-3.90762 0.393664
-3.91208 0.392546
-3.9165 0.39138
-3.92088 0.390166
-3.92523 0.388905
-3.92955 0.387599
-3.93383 0.386249
-3.93807 0.384855
-3.94229 0.383419
-3.94646 0.381941
-3.95061 0.380422
-3.95473 0.378864
-3.95881 0.377268
-3.96286 0.375634
-3.96688 0.373962
-3.97088 0.372255
-3.97484 0.370513
-3.97877 0.368736
-3.98267 0.366926
-3.98655 0.365084
-3.9904 0.36321
-3.99421 0.361304
-3.99801 0.359368
-4.00177 0.357403
-4.00551 0.355409
-4.00921 0.353388
-4.0129 0.351338
-4.01655 0.349263
-4.02018 0.347161
-4.02379 0.345034
-4.02737 0.342882
-4.03092 0.340707
-4.03445 0.338508
-4.03795 0.336287
-4.04143 0.334043
-4.04488 0.331778
-4.04831 0.329493
-4.05171 0.327186
-4.05509 0.324861
-4.05844 0.322515
-4.06178 0.320152
-4.06508 0.31777
-4.06836 0.31537
-4.07162 0.312954
-4.07486 0.31052
-4.07807 0.308071
-4.08126 0.305606
-4.08442 0.303126
-4.08757 0.300631
-4.09069 0.298122
-4.09378 0.295599
-4.09686 0.293062
-4.09991 0.290513
-4.10293 0.287951
-4.10594 0.285377
-4.10892 0.282791
-4.11188 0.280194
-4.11482 0.277586
-4.11774 0.274967
-4.12063 0.272338
-4.12351 0.269698
-4.12636 0.26705
-4.12919 0.264392
-4.13199 0.261725
-4.13478 0.25905
-4.13754 0.256367
-4.14028 0.253676
-4.14301 0.250977
-4.1457 0.248271
-4.14838 0.245557
-4.15104 0.242838
-4.15368 0.240111
-4.15629 0.237379
-4.15889 0.234641
-4.16146 0.231897
-4.16401 0.229148
-4.16655 0.226394
-4.16906 0.223636
-4.17155 0.220872
-4.17402 0.218105
-4.17647 0.215333
-4.1789 0.212557
-4.18131 0.209778
-4.1837 0.206996
-4.18607 0.20421
-4.18842 0.201422
-4.19075 0.198631
-4.19306 0.195837
-4.19535 0.193041
-4.19762 0.190243
-4.19987 0.187443
-4.2021 0.184642
-4.20432 0.181838
-4.20651 0.179034
-4.20868 0.176229
-4.21084 0.173422
-4.21297 0.170615
-4.21509 0.167807
-4.21719 0.164998
-4.21927 0.16219
-4.22133 0.159381
-4.22337 0.156572
-4.22539 0.153764
-4.22739 0.150956
-4.22938 0.148148
-4.23135 0.145341
-4.2333 0.142535
-4.23523 0.13973
-4.23714 0.136925
-4.23903 0.134122
-4.24091 0.131321
-4.24277 0.128521
-4.24461 0.125722
-4.24643 0.122925
-4.24824 0.12013
-4.25003 0.117337
-4.2518 0.114546
-4.25355 0.111757
-4.25528 0.108971
-4.257 0.106186
-4.2587 0.103405
-4.26039 0.100626
-4.26205 0.0978497
-4.2637 0.0950763
-4.26534 0.0923059
-4.26695 0.0895384
-4.26855 0.0867742
-4.27013 0.0840131
-4.2717 0.0812553
-4.27325 0.078501
-4.27478 0.0757501
-4.2763 0.0730028
-4.2778 0.0702592
-4.27928 0.0675193
-4.28075 0.0647833
-4.2822 0.0620511
-4.28364 0.0593229
-4.28506 0.0565988
-4.28647 0.0538788
-4.28785 0.051163
-4.28923 0.0484515
-4.29059 0.0457443
-4.29193 0.0430416
-4.29325 0.0403433
-4.29457 0.0376495
-4.29586 0.0349604
-4.29714 0.0322759
-4.29841 0.0295961
-4.29966 0.0269212
-4.3009 0.024251
-4.30212 0.0215858
-4.30332 0.0189256
-4.30452 0.0162703
-4.30569 0.0136201
-4.30685 0.010975
-4.308 0.0083351
-4.30914 0.0057004
-4.31025 0.00307096
-4.31136 0.000446832
-4.31245 -0.00217194
-4.31353 -0.00478532
-4.31459 -0.00739325
-4.31564 -0.0099957
-4.31667 -0.0125926
-4.31769 -0.015184
-4.3187 -0.0177697
-4.31969 -0.0203498
-4.32067 -0.0229242
-4.32164 -0.0254929
-4.32259 -0.0280559
-4.32353 -0.030613
-4.32446 -0.0331643
-4.32537 -0.0357098
-4.32627 -0.0382494
-4.32715 -0.040783
-4.32803 -0.0433107
-4.32889 -0.0458325
-4.32973 -0.0483482
-4.33057 -0.0508579
-4.33139 -0.0533615
-4.3322 -0.055859
-4.333 -0.0583504
-4.33378 -0.0608357
-4.33455 -0.0633148
-4.33531 -0.0657877
-4.33606 -0.0682545
-4.33679 -0.0707149
-4.33751 -0.0731692
-4.33822 -0.0756171
-4.33892 -0.0780588
-4.33961 -0.0804941
-4.34028 -0.0829232
-4.34094 -0.0853458
-4.34159 -0.0877621
-4.34223 -0.090172
-4.34286 -0.0925756
-4.34347 -0.0949727
-4.34408 -0.0973633
-4.34467 -0.0997476
-4.34525 -0.102125
-4.34582 -0.104497
-4.34638 -0.106861
-4.34692 -0.10922
-4.34746 -0.111572
-4.34798 -0.113917
-4.3485 -0.116256
-4.349 -0.118588
-4.34949 -0.120914
-4.34997 -0.123233
-4.35044 -0.125545
-4.3509 -0.127851
-4.35135 -0.130151
-4.35178 -0.132443
-4.35221 -0.13473
-4.35263 -0.137009
-4.35303 -0.139282
-4.35343 -0.141548
-4.35382 -0.143808
-4.35419 -0.146061
-4.35456 -0.148308
-4.35491 -0.150548
-4.35525 -0.152781
-4.35559 -0.155007
-4.35591 -0.157227
-4.35623 -0.15944
-4.35653 -0.161647
-4.35683 -0.163847
-4.35711 -0.16604
-4.35739 -0.168227
-4.35765 -0.170407
-4.35791 -0.17258
-4.35816 -0.174747
-4.3584 -0.176907
-4.35862 -0.17906
-4.35884 -0.181207
-4.35905 -0.183347
-4.35925 -0.18548
-4.35944 -0.187607
-4.35962 -0.189727
-4.3598 -0.19184
-4.35996 -0.193947
-4.36011 -0.196047
-4.36026 -0.198141
-4.36039 -0.200227
-4.36052 -0.202308
-4.36064 -0.204381
-4.36075 -0.206448
-4.36085 -0.208508
-4.36095 -0.210562
-4.36103 -0.212609
-4.36111 -0.214649
-4.36117 -0.216683
-4.36123 -0.21871
-4.36128 -0.220731
-4.36132 -0.222745
-4.36136 -0.224752
-4.36138 -0.226753
-4.3614 -0.228747
-4.36141 -0.230735
-4.36141 -0.232716
-4.3614 -0.234691
-4.36139 -0.236658
-4.36137 -0.23862
-4.36133 -0.240575
-4.3613 -0.242523
-4.36125 -0.244465
-4.36119 -0.2464
-4.36113 -0.248329
-4.36106 -0.250251
-4.36099 -0.252167
-4.3609 -0.254076
-4.36081 -0.255979
-4.36071 -0.257875
-4.3606 -0.259765
-4.36049 -0.261649
-4.36036 -0.263526
-4.36023 -0.265396
-4.3601 -0.26726
-4.35995 -0.269118
-4.3598 -0.270969
-4.35964 -0.272814
-4.35948 -0.274653
-4.3593 -0.276485
-4.35912 -0.278311
-4.35894 -0.28013
-4.35874 -0.281943
-4.35854 -0.28375
-4.35834 -0.28555
-4.35812 -0.287344
-4.3579 -0.289132
-4.35767 -0.290913
-4.35744 -0.292688
-4.3572 -0.294457
-4.35695 -0.29622
-4.3567 -0.297976
-4.35643 -0.299726
-4.35617 -0.30147
-4.35589 -0.303207
-4.35561 -0.304939
-4.35533 -0.306664
-4.35503 -0.308383
-4.35473 -0.310096
-4.35443 -0.311802
-4.35412 -0.313503
-4.3538 -0.315197
-4.35348 -0.316885
-4.35315 -0.318568
-4.35281 -0.320244
-4.35247 -0.321913
-4.35212 -0.323577
-4.35176 -0.325235
-4.3514 -0.326886
-4.35104 -0.328532
-4.35067 -0.330172
-4.35029 -0.331805
-4.3499 -0.333433
-4.34951 -0.335054
-4.34912 -0.33667
-4.34872 -0.338279
-4.34831 -0.339883
-4.3479 -0.34148
-4.34748 -0.343072
-4.34706 -0.344658
-4.34663 -0.346237
-4.3462 -0.347811
-4.34576 -0.349379
-4.34531 -0.350941
-4.34486 -0.352498
-4.34441 -0.354048
-4.34394 -0.355593
-4.34348 -0.357131
-4.34301 -0.358664
-4.34253 -0.360191
-4.34205 -0.361713
-4.34156 -0.363228
-4.34107 -0.364738
-4.34057 -0.366242
-4.34007 -0.36774
-4.33956 -0.369233
-4.33905 -0.37072
-4.33853 -0.372201
-4.33801 -0.373677
-4.33748 -0.375146
-4.33695 -0.376611
-4.33641 -0.378069
-4.33587 -0.379522
-4.33532 -0.380969
-4.33477 -0.382411
-4.33422 -0.383847
-4.33365 -0.385278
-4.33309 -0.386702
-4.33252 -0.388122
-4.33194 -0.389536
-4.33137 -0.390944
-4.33078 -0.392347
-4.33019 -0.393744
-4.3296 -0.395136
-4.329 -0.396522
-4.3284 -0.397903
-4.3278 -0.399279
-4.32719 -0.400649
-4.32657 -0.402013
-4.32595 -0.403372
-4.32533 -0.404726
-4.3247 -0.406075
-4.32407 -0.407418
-4.32343 -0.408755
-4.32279 -0.410088
-4.32215 -0.411415
-4.3215 -0.412737
-4.32085 -0.414053
-4.32019 -0.415364
-4.31953 -0.41667
-4.31886 -0.417971
-4.31819 -0.419266
-4.31752 -0.420556
-4.31684 -0.421841
-4.31616 -0.423121
-4.31548 -0.424396
-4.31479 -0.425665
-4.3141 -0.426929
-4.3134 -0.428189
-4.3127 -0.429443
-4.312 -0.430691
-4.31129 -0.431935
-4.31058 -0.433174
-4.30986 -0.434407
-4.30915 -0.435636
-4.30842 -0.436859
-4.3077 -0.438078
-4.30697 -0.439291
-4.30624 -0.4405
-4.3055 -0.441703
-4.30476 -0.442901
-4.30401 -0.444095
-4.30327 -0.445283
-4.30252 -0.446467
-4.30176 -0.447646
-4.30101 -0.448819
-4.30024 -0.449988
-4.29948 -0.451152
-4.29871 -0.452311
-4.29794 -0.453465
-4.29717 -0.454615
-4.29639 -0.455759
-4.29561 -0.456899
-4.29482 -0.458034
-4.29404 -0.459164
-4.29325 -0.460289
-4.29245 -0.46141
-4.29166 -0.462525
-4.29086 -0.463637
-4.29005 -0.464743
-4.28925 -0.465844
-4.28844 -0.466941
-4.28763 -0.468034
-4.28681 -0.469121
-4.28599 -0.470204
-4.28517 -0.471282
-4.28435 -0.472356
-4.28352 -0.473425
-4.28269 -0.474489
-4.28186 -0.475549
-4.28102 -0.476604
-4.28018 -0.477655
-4.27934 -0.478701
-4.27849 -0.479743
-4.27765 -0.48078
-4.2768 -0.481812
-4.27594 -0.48284
-4.27509 -0.483864
-4.27423 -0.484883
-4.27337 -0.485897
-4.2725 -0.486908
-4.27164 -0.487913
-4.27077 -0.488915
-4.2699 -0.489911
-4.26902 -0.490904
-4.26815 -0.491892
-4.26727 -0.492876
-4.26638 -0.493855
-4.2655 -0.49483
-4.26461 -0.495801
-4.26372 -0.496767
-4.26283 -0.497729
-4.26193 -0.498687
-4.26104 -0.499641
-4.26014 -0.50059
-4.25923 -0.501535
-4.25833 -0.502476
-4.25742 -0.503412
-4.25651 -0.504345
-4.2556 -0.505273
-4.25469 -0.506197
-4.25377 -0.507116
-4.25285 -0.508032
-4.25193 -0.508943
-4.25101 -0.509851
-4.25008 -0.510754
-4.24915 -0.511653
-4.24822 -0.512548
-4.24729 -0.513439
-4.24636 -0.514326
-4.24542 -0.515208
-4.24448 -0.516087
-4.24354 -0.516962
-4.2426 -0.517832
-4.24165 -0.518699
-4.24071 -0.519561
-4.23976 -0.52042
-4.23881 -0.521275
-4.23785 -0.522125
-4.2369 -0.522972
-4.23594 -0.523815
-4.23498 -0.524654
-4.23402 -0.525489
-4.23305 -0.52632
-4.23209 -0.527147
-4.23112 -0.52797
-4.23015 -0.52879
-4.22918 -0.529605
-4.22821 -0.530417
-4.22723 -0.531225
-4.22625 -0.532029
-4.22528 -0.532829
-4.22429 -0.533626
-4.22331 -0.534419
-4.22233 -0.535208
-4.22134 -0.535993
-4.22035 -0.536774
-4.21936 -0.537552
-4.21837 -0.538326
-4.21738 -0.539096
-4.21638 -0.539863
-4.21539 -0.540626
-4.21439 -0.541385
-4.21339 -0.542141
-4.21239 -0.542893
-4.21138 -0.543641
-4.21038 -0.544386
-4.20937 -0.545127
-4.20836 -0.545864
-4.20735 -0.546598
-4.20634 -0.547329
-4.20532 -0.548055
-4.20431 -0.548778
-4.20329 -0.549498
-4.20228 -0.550214
-4.20126 -0.550927
-4.20023 -0.551636
-4.19921 -0.552342
-4.19819 -0.553044
-4.19716 -0.553742
-4.19613 -0.554438
-4.19511 -0.555129
-4.19407 -0.555818
-4.19304 -0.556502
-4.19201 -0.557184
-4.19098 -0.557862
-4.18994 -0.558537
-4.1889 -0.559208
-4.18786 -0.559876
-4.18682 -0.56054
-4.18578 -0.561201
-4.18474 -0.561859
-4.18369 -0.562514
-4.18265 -0.563165
-4.1816 -0.563813
-4.18055 -0.564458
-4.1795 -0.565099
-4.17845 -0.565737
-4.1774 -0.566372
-4.17635 -0.567003
-4.17529 -0.567632
-4.17424 -0.568257
-4.17318 -0.568879
-4.17212 -0.569497
-4.17106 -0.570113
-4.17 -0.570725
-4.16894 -0.571334
-4.16788 -0.57194
-4.16681 -0.572543
-4.16575 -0.573143
-4.16468 -0.573739
-4.16361 -0.574332
-4.16254 -0.574923
-4.16147 -0.57551
-4.1604 -0.576094
-4.15933 -0.576675
-4.15825 -0.577253
-4.15718 -0.577828
-4.1561 -0.5784
-4.15503 -0.578969
-4.15395 -0.579535
-4.15287 -0.580097
-4.15179 -0.580657
-4.15071 -0.581214
-4.14963 -0.581768
-4.14855 -0.582319
-4.14746 -0.582866
-4.14638 -0.583411
-4.14529 -0.583953
-4.1442 -0.584492
-4.14312 -0.585029
-4.14203 -0.585562
-4.14094 -0.586092
-4.13985 -0.58662
-4.13876 -0.587144
-4.13766 -0.587666
-4.13657 -0.588185
-4.13547 -0.588701
-4.13438 -0.589214
-4.13328 -0.589724
-4.13219 -0.590231
-4.13109 -0.590736
-4.12999 -0.591238
-4.12889 -0.591737
-4.12779 -0.592233
-4.12669 -0.592727
-4.12559 -0.593218
-4.12448 -0.593706
-4.12338 -0.594191
-4.12227 -0.594673
-4.12117 -0.595153
-4.12006 -0.59563
-4.11896 -0.596105
-4.11785 -0.596576
-4.11674 -0.597045
-4.11563 -0.597512
-4.11452 -0.597975
-4.11341 -0.598436
-4.1123 -0.598895
-4.11119 -0.59935
-4.11007 -0.599803
-4.10896 -0.600254
-4.10785 -0.600702
-4.10673 -0.601147
-4.10562 -0.60159
-4.1045 -0.60203
-4.10338 -0.602467
-4.10226 -0.602902
-4.10115 -0.603335
-4.10003 -0.603764
-4.09891 -0.604192
-4.09779 -0.604616
-4.09667 -0.605039
-4.09554 -0.605458
-4.09442 -0.605876
-4.0933 -0.606291
-4.09218 -0.606703
-4.09105 -0.607113
-4.08993 -0.60752
-4.0888 -0.607925
-4.08768 -0.608327
-4.08655 -0.608727
-4.08542 -0.609125
-4.0843 -0.60952
-4.08317 -0.609913
-4.08204 -0.610303
-4.08091 -0.610691
-4.07978 -0.611077
-4.07865 -0.61146
-4.07752 -0.611841
-4.07639 -0.612219
-4.07526 -0.612595
-4.07413 -0.612969
-4.07299 -0.61334
-4.07186 -0.613709
-4.07073 -0.614076
-4.06959 -0.614441
-4.06846 -0.614803
-4.06732 -0.615163
-4.06619 -0.61552
-4.06505 -0.615876
-4.06392 -0.616229
-4.06278 -0.61658
-4.06164 -0.616928
-4.06051 -0.617275
-4.05937 -0.617619
-4.05823 -0.61796
-4.05709 -0.6183
-4.05595 -0.618638
-4.05481 -0.618973
-4.05367 -0.619306
-4.05253 -0.619637
-4.05139 -0.619965
-4.05025 -0.620292
-4.04911 -0.620616
-4.04797 -0.620938
-4.04683 -0.621259
-4.04568 -0.621576
-4.04454 -0.621892
-4.0434 -0.622206
-4.04225 -0.622517
-4.04111 -0.622827
-4.03997 -0.623134
-4.03882 -0.62344
-4.03768 -0.623743
-4.03653 -0.624044
-4.03539 -0.624343
-4.03424 -0.62464
-4.0331 -0.624935
-4.03195 -0.625228
-4.0308 -0.625519
-4.02966 -0.625807
-4.02851 -0.626094
-4.02736 -0.626379
-4.02622 -0.626662
-4.02507 -0.626943
-4.02392 -0.627221
-4.02277 -0.627498
-4.02162 -0.627773
-4.02047 -0.628046
-4.01933 -0.628317
-4.01818 -0.628586
-4.01703 -0.628853
-4.01588 -0.629118
-4.01473 -0.629381
-4.01358 -0.629642
-4.01243 -0.629901
-4.01128 -0.630159
-4.01013 -0.630414
-4.00898 -0.630668
-4.00783 -0.630919
-4.00668 -0.631169
-4.00552 -0.631417
-4.00437 -0.631663
-4.00322 -0.631907
-4.00207 -0.63215
-4.00092 -0.63239
-3.99977 -0.632629
-3.99861 -0.632866
-3.99746 -0.633101
-3.99631 -0.633334
-3.99516 -0.633565
-3.994 -0.633795
-3.99285 -0.634023
-3.9917 -0.634249
-3.99055 -0.634473
-3.98939 -0.634695
-3.98824 -0.634916
-3.98709 -0.635135
-3.98593 -0.635352
-3.98478 -0.635567
-3.98363 -0.635781
-3.98247 -0.635993
-3.98132 -0.636203
-3.98017 -0.636411
-3.97901 -0.636618
-3.97786 -0.636823
-3.9767 -0.637026
-3.97555 -0.637228
-3.9744 -0.637427
-3.97324 -0.637626
-3.97209 -0.637822
-3.97093 -0.638017
-3.96978 -0.63821
-3.96863 -0.638401
-3.96747 -0.638591
-3.96632 -0.638779
-3.96516 -0.638966
-3.96401 -0.639151
-3.96285 -0.639334
-3.9617 -0.639516
-3.96054 -0.639696
-3.95939 -0.639874
-3.95824 -0.640051
-3.95708 -0.640226
-3.95593 -0.6404
-3.95477 -0.640572
-3.95362 -0.640742
-3.95246 -0.640911
-3.95131 -0.641078
-3.95016 -0.641244
-3.949 -0.641408
-3.94785 -0.641571
-3.94669 -0.641732
-3.94554 -0.641891
-3.94439 -0.642049
-3.94323 -0.642206
-3.94208 -0.64236
-3.94092 -0.642514
-3.93977 -0.642666
-3.93862 -0.642816
-3.93746 -0.642965
-3.93631 -0.643112
-3.93515 -0.643258
-3.934 -0.643403
-3.93285 -0.643545
-3.93169 -0.643687
-3.93054 -0.643827
-3.92939 -0.643965
-3.92823 -0.644102
-3.92708 -0.644238
-3.92593 -0.644372
-3.92478 -0.644505
-3.92362 -0.644636
-3.92247 -0.644766
-3.92132 -0.644894
-3.92017 -0.645021
-3.91901 -0.645147
-3.91786 -0.645271
-3.91671 -0.645394
-3.91556 -0.645515
-3.91441 -0.645635
-3.91325 -0.645753
-3.9121 -0.645871
-3.91095 -0.645986
-3.9098 -0.646101
-3.90865 -0.646214
-3.9075 -0.646325
-3.90635 -0.646436
-3.9052 -0.646545
-3.90405 -0.646652
-3.90289 -0.646759
-3.90174 -0.646864
-3.90059 -0.646967
-3.89944 -0.647069
-3.89829 -0.64717
-3.89715 -0.64727
-3.896 -0.647368
-3.89485 -0.647465
-3.8937 -0.647561
-3.89255 -0.647655
-3.8914 -0.647748
-3.89025 -0.64784
-3.8891 -0.647931
-3.88796 -0.64802
-3.88681 -0.648108
-3.88566 -0.648195
-3.88451 -0.64828
-3.88336 -0.648364
-3.88222 -0.648447
-3.88107 -0.648529
-3.87992 -0.648609
-3.87878 -0.648688
-3.87763 -0.648766
-3.87648 -0.648843
-3.87534 -0.648918
-3.87419 -0.648993
-3.87305 -0.649066
-3.8719 -0.649137
-3.87076 -0.649208
-3.86961 -0.649277
-3.86847 -0.649345
-3.86732 -0.649412
-3.86618 -0.649478
-3.86504 -0.649543
-3.86389 -0.649606
-3.86275 -0.649668
-3.86161 -0.649729
-3.86046 -0.649789
-3.85932 -0.649848
-3.85818 -0.649905
-3.85704 -0.649962
-3.8559 -0.650017
-3.85475 -0.650071
-3.85361 -0.650124
-3.85247 -0.650175
-3.85133 -0.650226
-3.85019 -0.650275
-3.84905 -0.650324
-3.84791 -0.650371
-3.84677 -0.650417
-3.84563 -0.650462
-3.84449 -0.650506
-3.84335 -0.650548
-3.84221 -0.65059
-3.84108 -0.65063
-3.83994 -0.65067
-3.8388 -0.650708
-3.83766 -0.650745
-3.83653 -0.650781
-3.83539 -0.650816
-3.83425 -0.65085
-3.83312 -0.650883
-3.83198 -0.650915
-3.83085 -0.650945
-3.82971 -0.650975
-3.82858 -0.651004
-3.82744 -0.651031
-3.82631 -0.651057
-3.82517 -0.651083
-3.82404 -0.651107
-3.82291 -0.65113
-3.82177 -0.651153
-3.82064 -0.651174
-3.81951 -0.651194
-3.81838 -0.651213
-3.81724 -0.651231
-3.81611 -0.651248
-3.81498 -0.651264
-3.81385 -0.651279
-3.81272 -0.651293
-3.81159 -0.651306
-3.81046 -0.651318
-3.80933 -0.651329
-3.8082 -0.651339
-3.80707 -0.651348
-3.80595 -0.651356
-3.80482 -0.651363
-3.80369 -0.651369
-3.80256 -0.651374
-3.80144 -0.651378
-3.80031 -0.651381
-3.79918 -0.651383
-3.79806 -0.651384
-3.79693 -0.651384
-3.79581 -0.651384
-3.79468 -0.651382
-3.79356 -0.651379
-3.79243 -0.651375
-3.79131 -0.651371
-3.79019 -0.651365
-3.78906 -0.651358
-3.78794 -0.651351
-3.78682 -0.651342
-3.7857 -0.651333
-3.78457 -0.651323
-3.78345 -0.651311
-3.78233 -0.651299
-3.78121 -0.651286
-3.78009 -0.651272
-3.77897 -0.651257
-3.77785 -0.651241
-3.77674 -0.651224
-3.77562 -0.651206
-3.7745 -0.651188
-3.77338 -0.651168
-3.77226 -0.651148
-3.77115 -0.651126
-3.77003 -0.651104
-3.76891 -0.651081
-3.7678 -0.651057
-3.76668 -0.651032
-3.76557 -0.651006
-3.76445 -0.650979
-3.76334 -0.650952
-3.76223 -0.650923
-3.76111 -0.650894
-3.76 -0.650863
-3.75889 -0.650832
-3.75778 -0.6508
-3.75667 -0.650767
-3.75555 -0.650734
-3.75444 -0.650699
-3.75333 -0.650663
-3.75222 -0.650627
-3.75111 -0.65059
-3.75001 -0.650552
-3.7489 -0.650513
-3.74779 -0.650473
-3.74668 -0.650433
-3.74557 -0.650391
-3.74447 -0.650349
-3.74336 -0.650306
-3.74225 -0.650262
-3.74115 -0.650217
-3.74004 -0.650171
-3.73894 -0.650125
-3.73783 -0.650078
-3.73673 -0.65003
-3.73563 -0.649981
-3.73452 -0.649931
-3.73342 -0.64988
-3.73232 -0.649829
-3.73122 -0.649777
-3.73012 -0.649724
-3.72902 -0.64967
-3.72792 -0.649615
-3.72682 -0.64956
-3.72572 -0.649504
-3.72462 -0.649446
-3.72352 -0.649389
-3.72242 -0.64933
-3.72132 -0.64927
-3.72023 -0.64921
-3.71913 -0.649149
-3.71803 -0.649087
-3.71694 -0.649025
-3.71584 -0.648961
-3.71475 -0.648897
-3.71365 -0.648832
-3.71256 -0.648766
-3.71146 -0.6487
-3.71037 -0.648633
-3.70928 -0.648565
-3.70819 -0.648496
-3.7071 -0.648426
-3.706 -0.648356
-3.70491 -0.648285
-3.70382 -0.648213
-3.70273 -0.64814
-3.70164 -0.648066
-3.70056 -0.647992
-3.69947 -0.647917
-3.69838 -0.647842
-3.69729 -0.647765
-3.6962 -0.647688
-3.69512 -0.64761
-3.69403 -0.647531
-3.69295 -0.647452
-3.69186 -0.647371
-3.69078 -0.64729
-3.68969 -0.647209
-3.68861 -0.647126
-3.68753 -0.647043
-3.68644 -0.646959
-3.68536 -0.646874
-3.68428 -0.646789
-3.6832 -0.646703
-3.68212 -0.646616
-3.68104 -0.646528
-3.67996 -0.64644
-3.67888 -0.646351
-3.6778 -0.646261
-3.67672 -0.646171
-3.67564 -0.646079
-3.67457 -0.645987
-3.67349 -0.645895
-3.67241 -0.645801
-3.67134 -0.645707
-3.67026 -0.645612
-3.66919 -0.645517
-3.66811 -0.645421
-3.66704 -0.645324
-3.66597 -0.645226
-3.66489 -0.645127
-3.66382 -0.645028
-3.66275 -0.644929
-3.66168 -0.644828
-3.66061 -0.644727
-3.65954 -0.644625
-3.65847 -0.644522
-3.6574 -0.644419
-3.65633 -0.644315
-3.65526 -0.64421
-3.65419 -0.644105
-3.65312 -0.643999
-3.65206 -0.643892
-3.65099 -0.643784
-3.64993 -0.643676
-3.64886 -0.643567
-3.6478 -0.643458
-3.64673 -0.643347
-3.64567 -0.643236
-3.6446 -0.643125
-3.64354 -0.643012
-3.64248 -0.642899
-3.64142 -0.642786
-3.64036 -0.642671
-3.6393 -0.642556
-3.63824 -0.642441
-3.63718 -0.642324
-3.63612 -0.642207
-3.63506 -0.642089
-3.634 -0.641971
-3.63294 -0.641852
-3.63189 -0.641732
-3.63083 -0.641611
-3.62977 -0.64149
-3.62872 -0.641369
-3.62766 -0.641246
-3.62661 -0.641123
-3.62555 -0.640999
-3.6245 -0.640875
-3.62345 -0.640749
-3.62239 -0.640624
-3.62134 -0.640497
-3.62029 -0.64037
-3.61924 -0.640242
-3.61819 -0.640114
-3.61714 -0.639985
-3.61609 -0.639855
-3.61504 -0.639724
-3.61399 -0.639593
-3.61295 -0.639461
-3.6119 -0.639329
-3.61085 -0.639196
-3.6098 -0.639062
-3.60876 -0.638928
-3.60771 -0.638793
-3.60667 -0.638657
-3.60562 -0.638521
-3.60458 -0.638384
-3.60354 -0.638246
-3.6025 -0.638108
-3.60145 -0.637969
-3.60041 -0.637829
-3.59937 -0.637689
-3.59833 -0.637548
-3.59729 -0.637406
-3.59625 -0.637264
-3.59521 -0.637121
-3.59417 -0.636978
-3.59314 -0.636833
-3.5921 -0.636689
-3.59106 -0.636543
-3.59003 -0.636397
-3.58899 -0.63625
-3.58795 -0.636103
-3.58692 -0.635955
-3.58589 -0.635806
-3.58485 -0.635657
-3.58382 -0.635507
-3.58279 -0.635356
-3.58175 -0.635205
-3.58072 -0.635053
-3.57969 -0.634901
-3.57866 -0.634748
-3.57763 -0.634594
-3.5766 -0.63444
-3.57557 -0.634285
-3.57454 -0.634129
-3.57352 -0.633973
-3.57249 -0.633816
-3.57146 -0.633658
-3.57044 -0.6335
-3.56941 -0.633341
-3.56839 -0.633181
-3.56736 -0.633021
-3.56634 -0.63286
-3.56531 -0.632699
-3.56429 -0.632537
-3.56327 -0.632374
-3.56225 -0.632211
-3.56122 -0.632047
-3.5602 -0.631883
-3.55918 -0.631717
-3.55816 -0.631552
-3.55714 -0.631385
-3.55612 -0.631218
-3.55511 -0.63105
-3.55409 -0.630882
-3.55307 -0.630713
-3.55205 -0.630543
-3.55104 -0.630373
-3.55002 -0.630202
-3.54901 -0.630031
-3.54799 -0.629859
-3.54698 -0.629686
-3.54597 -0.629513
-3.54495 -0.629339
-3.54394 -0.629164
-3.54293 -0.628989
-3.54192 -0.628813
-3.54091 -0.628636
-3.5399 -0.628459
-3.53889 -0.628281
-3.53788 -0.628103
-3.53687 -0.627924
-3.53586 -0.627744
-3.53485 -0.627564
-3.53384 -0.627383
-3.53284 -0.627202
-3.53183 -0.627019
-3.53083 -0.626837
-3.52982 -0.626653
-3.52882 -0.626469
-3.52781 -0.626284
-3.52681 -0.626099
-3.52581 -0.625913
-3.5248 -0.625727
-3.5238 -0.62554
-3.5228 -0.625352
-3.5218 -0.625163
-3.5208 -0.624974
-3.5198 -0.624785
-3.5188 -0.624594
-3.5178 -0.624403
-3.5168 -0.624212
-3.5158 -0.62402
-3.51481 -0.623827
-3.51381 -0.623634
-3.51281 -0.62344
-3.51182 -0.623245
-3.51082 -0.62305
-3.50983 -0.622854
-3.50883 -0.622657
-3.50784 -0.62246
-3.50685 -0.622262
-3.50586 -0.622064
-3.50486 -0.621865
-3.50387 -0.621665
-3.50288 -0.621465
-3.50189 -0.621264
-3.5009 -0.621062
-3.49991 -0.62086
-3.49892 -0.620657
-3.49793 -0.620454
-3.49695 -0.62025
-3.49596 -0.620045
-3.49497 -0.61984
-3.49399 -0.619634
-3.493 -0.619427
-3.49201 -0.61922
-3.49103 -0.619012
-3.49005 -0.618804
-3.48906 -0.618595
-3.48808 -0.618385
-3.4871 -0.618175
-3.48611 -0.617964
-3.48513 -0.617752
-3.48415 -0.61754
-3.48317 -0.617327
-3.48219 -0.617114
-3.48121 -0.616899
-3.48023 -0.616685
-3.47925 -0.616469
-3.47827 -0.616253
-3.4773 -0.616037
-3.47632 -0.615819
-3.47534 -0.615602
-3.47437 -0.615383
-3.47339 -0.615164
-3.47242 -0.614944
-3.47144 -0.614724
-3.47047 -0.614503
-3.46949 -0.614281
-3.46852 -0.614059
-3.46755 -0.613836
-3.46658 -0.613612
-3.4656 -0.613388
-3.46463 -0.613163
-3.46366 -0.612938
-3.46269 -0.612712
-3.46172 -0.612485
-3.46075 -0.612257
-3.45978 -0.612029
-3.45882 -0.611801
-3.45785 -0.611572
-3.45688 -0.611342
-3.45591 -0.611111
-3.45495 -0.61088
-3.45398 -0.610648
-3.45302 -0.610416
-3.45205 -0.610183
-3.45109 -0.609949
-3.45013 -0.609714
-3.44916 -0.609479
-3.4482 -0.609244
-3.44724 -0.609008
-3.44628 -0.608771
-3.44531 -0.608533
-3.44435 -0.608295
-3.44339 -0.608056
-3.44243 -0.607817
-3.44147 -0.607576
-3.44052 -0.607336
-3.43956 -0.607094
-3.4386 -0.606852
-3.43764 -0.60661
-3.43668 -0.606366
-3.43573 -0.606122
-3.43477 -0.605878
-3.43382 -0.605632
