Path for ray(in pc) -12 -9
Points calculated each 200 days for 1000 years.
-3.59188 -5.26088
-3.58936 -5.2602
-3.58682 -5.25952
-3.58427 -5.25884
-3.58169 -5.25815
-3.5791 -5.25745
-3.57649 -5.25676
-3.57385 -5.25606
-3.5712 -5.25535
-3.56853 -5.25464
-3.56584 -5.25393
-3.56313 -5.25321
-3.5604 -5.25249
-3.55765 -5.25176
-3.55488 -5.25103
-3.55209 -5.2503
-3.54928 -5.24956
-3.54645 -5.24882
-3.5436 -5.24807
-3.54072 -5.24732
-3.53783 -5.24656
-3.53491 -5.2458
-3.53197 -5.24504
-3.52901 -5.24427
-3.52603 -5.24349
-3.52303 -5.24271
-3.52 -5.24193
-3.51695 -5.24114
-3.51388 -5.24034
-3.51078 -5.23955
-3.50766 -5.23874
-3.50452 -5.23793
-3.50136 -5.23712
-3.49817 -5.2363
-3.49495 -5.23548
-3.49172 -5.23465
-3.48845 -5.23382
-3.48517 -5.23298
-3.48186 -5.23214
-3.47852 -5.23129
-3.47516 -5.23043
-3.47177 -5.22957
-3.46836 -5.22871
-3.46492 -5.22784
-3.46145 -5.22696
-3.45796 -5.22608
-3.45444 -5.22519
-3.45089 -5.2243
-3.44732 -5.2234
-3.44372 -5.2225
-3.44009 -5.22159
-3.43643 -5.22067
-3.43274 -5.21975
-3.42903 -5.21882
-3.42529 -5.21788
-3.42151 -5.21694
-3.41771 -5.216
-3.41388 -5.21505
-3.41002 -5.21409
-3.40613 -5.21312
-3.4022 -5.21215
-3.39825 -5.21117
-3.39426 -5.21019
-3.39025 -5.20919
-3.3862 -5.20819
-3.38212 -5.20719
-3.37801 -5.20618
-3.37386 -5.20516
-3.36968 -5.20413
-3.36547 -5.2031
-3.36122 -5.20206
-3.35694 -5.20101
-3.35263 -5.19996
-3.34828 -5.19889
-3.34389 -5.19782
-3.33947 -5.19675
-3.33502 -5.19566
-3.33052 -5.19457
-3.32599 -5.19347
-3.32143 -5.19236
-3.31682 -5.19124
-3.31218 -5.19011
-3.3075 -5.18898
-3.30278 -5.18784
-3.29802 -5.18669
-3.29323 -5.18553
-3.28839 -5.18436
-3.28351 -5.18319
-3.27859 -5.182
-3.27363 -5.18081
-3.26863 -5.1796
-3.26358 -5.17839
-3.2585 -5.17717
-3.25337 -5.17594
-3.24819 -5.1747
-3.24298 -5.17345
-3.23772 -5.17218
-3.23241 -5.17091
-3.22706 -5.16963
-3.22166 -5.16834
-3.21621 -5.16704
-3.21072 -5.16573
-3.20518 -5.16441
-3.19959 -5.16307
-3.19395 -5.16173
-3.18827 -5.16037
-3.18253 -5.15901
-3.17674 -5.15763
-3.1709 -5.15624
-3.16501 -5.15484
-3.15907 -5.15343
-3.15308 -5.152
-3.14703 -5.15056
-3.14092 -5.14911
-3.13477 -5.14765
-3.12855 -5.14618
-3.12228 -5.14469
-3.11596 -5.14319
-3.10957 -5.14167
-3.10313 -5.14014
-3.09663 -5.1386
-3.09007 -5.13704
-3.08344 -5.13547
-3.07676 -5.13389
-3.07001 -5.13229
-3.06321 -5.13068
-3.05633 -5.12905
-3.0494 -5.1274
-3.0424 -5.12574
-3.03533 -5.12407
-3.02819 -5.12238
-3.02099 -5.12067
-3.01372 -5.11895
-3.00638 -5.11721
-2.99897 -5.11545
-2.99149 -5.11367
-2.98393 -5.11188
-2.9763 -5.11007
-2.9686 -5.10824
-2.96082 -5.10639
-2.95296 -5.10453
-2.94503 -5.10264
-2.93702 -5.10074
-2.92893 -5.09881
-2.92076 -5.09687
-2.91251 -5.0949
-2.90417 -5.09292
-2.89575 -5.09091
-2.88725 -5.08888
-2.87865 -5.08683
-2.86997 -5.08476
-2.86121 -5.08266
-2.85235 -5.08054
-2.8434 -5.0784
-2.83435 -5.07624
-2.82522 -5.07405
-2.81598 -5.07183
-2.80665 -5.06959
-2.79722 -5.06733
-2.7877 -5.06503
-2.77807 -5.06272
-2.76833 -5.06037
-2.75849 -5.058
-2.74855 -5.05559
-2.7385 -5.05316
-2.72834 -5.0507
-2.71807 -5.04822
-2.70768 -5.0457
-2.69718 -5.04314
-2.68657 -5.04056
-2.67583 -5.03795
-2.66498 -5.0353
-2.654 -5.03262
-2.6429 -5.0299
-2.63168 -5.02715
-2.62032 -5.02436
-2.60884 -5.02154
-2.59722 -5.01868
-2.58547 -5.01578
-2.57358 -5.01285
-2.56156 -5.00987
-2.54939 -5.00685
-2.53708 -5.0038
-2.52462 -5.0007
-2.51202 -4.99755
-2.49926 -4.99437
-2.48635 -4.99113
-2.47328 -4.98785
-2.46005 -4.98453
-2.44667 -4.98116
-2.43311 -4.97773
-2.41939 -4.97426
-2.4055 -4.97074
-2.39143 -4.96716
-2.37719 -4.96353
-2.36277 -4.95984
-2.34816 -4.9561
-2.33337 -4.9523
-2.31838 -4.94844
-2.3032 -4.94452
-2.28783 -4.94054
-2.27225 -4.93649
-2.25647 -4.93238
-2.24048 -4.92821
-2.22427 -4.92396
-2.20785 -4.91965
-2.1912 -4.91526
-2.17433 -4.9108
-2.15723 -4.90626
-2.1399 -4.90164
-2.12232 -4.89695
-2.1045 -4.89217
-2.08643 -4.88731
-2.0681 -4.88237
-2.04952 -4.87733
-2.03067 -4.87221
-2.01154 -4.86699
-1.99215 -4.86167
-1.97246 -4.85626
-1.95249 -4.85075
-1.93223 -4.84513
-1.91166 -4.8394
-1.89079 -4.83356
-1.8696 -4.82761
-1.84808 -4.82154
-1.82624 -4.81536
-1.80407 -4.80905
-1.78154 -4.80261
-1.75867 -4.79604
-1.73544 -4.78933
-1.71184 -4.78248
-1.68786 -4.77549
-1.6635 -4.76836
-1.63874 -4.76107
-1.61357 -4.75362
-1.58799 -4.746
-1.56199 -4.73822
-1.53556 -4.73027
-1.50867 -4.72213
-1.48134 -4.71381
-1.45353 -4.7053
-1.42525 -4.69659
-1.39647 -4.68767
-1.36719 -4.67854
-1.33739 -4.6692
-1.30706 -4.65962
-1.27618 -4.64981
-1.24474 -4.63975
-1.21273 -4.62945
-1.18014 -4.61888
-1.14693 -4.60803
-1.1131 -4.59691
-1.07863 -4.58549
-1.04351 -4.57377
-1.00771 -4.56174
-0.971208 -4.54937
-0.933995 -4.53667
-0.896047 -4.52361
-0.85734 -4.51018
-0.817855 -4.49637
-0.777566 -4.48216
-0.73645 -4.46753
-0.694483 -4.45247
-0.651637 -4.43696
-0.607887 -4.42098
-0.563204 -4.40451
-0.517559 -4.38752
-0.470921 -4.37
-0.42326 -4.35192
-0.374541 -4.33325
-0.324731 -4.31398
-0.273793 -4.29406
-0.221691 -4.27347
-0.168386 -4.25218
-0.113836 -4.23016
-0.0580009 -4.20736
-0.000834852 -4.18375
0.0577077 -4.1593
0.117675 -4.13395
0.179117 -4.10766
0.242087 -4.08038
0.30664 -4.05207
0.372832 -4.02266
0.440724 -3.9921
0.510379 -3.96032
0.581862 -3.92725
0.655243 -3.89283
0.730593 -3.85698
0.807988 -3.81961
0.887505 -3.78064
0.969229 -3.73997
1.05325 -3.69749
1.13965 -3.65311
1.22852 -3.60669
1.31998 -3.55811
1.41411 -3.50724
1.51104 -3.45393
1.61086 -3.398
1.71372 -3.3393
1.81971 -3.27763
1.92899 -3.21279
2.04167 -3.14455
2.15791 -3.07268
2.27786 -2.99691
2.40165 -2.91695
2.52946 -2.8325
2.66144 -2.7432
2.79777 -2.6487
2.93862 -2.54858
3.08417 -2.44238
3.2346 -2.32963
3.3901 -2.20978
3.55084 -2.08223
3.71701 -1.94633
3.8888 -1.80136
4.06636 -1.64651
4.24985 -1.48091
4.43943 -1.30357
4.6352 -1.11341
4.83724 -0.909226
5.0456 -0.689684
5.26025 -0.4533
5.4811 -0.198424
5.70795 0.0767763
5.94048 0.374338
6.17822 0.696523
6.42049 1.04584
6.66636 1.42508
6.91458 1.8373
7.16351 2.28589
7.41102 2.77455
7.65436 3.3073
7.89001 3.88846
8.11355 4.52265
8.3194 5.21463
8.50061 5.96927
8.64861 6.79128
8.75289 7.68493
8.80075 8.65362
8.77703 9.69932
8.66394 10.8217
8.44113 12.0172
8.08597 13.2779
7.57432 14.5898
6.88195 15.9317
5.98665 17.2742
4.87122 18.5787
3.52701 19.7984
1.95779 20.8801
0.182912 21.7685
-1.76099 22.4117
-3.82088 22.7678
-5.93122 22.8111
-8.02042 22.5363
-10.0188 21.9595
-11.866 21.1158
-13.5165 20.0537
-14.9425 18.8289
-16.133 17.4975
-17.0917 16.1111
-17.8331 14.7134
-18.3785 13.3391
-18.7528 12.0134
-18.9817 10.7538
-19.0898 9.5707
-19.0995 8.46909
-19.0307 7.45019
-18.9002 6.5124
-18.7223 5.6523
-18.5089 4.86535
-18.2695 4.14644
-18.0118 3.49025
-17.7421 2.89148
-17.4653 2.34505
-17.1851 1.84614
-16.9045 1.3903
-16.6259 0.973413
-16.351 0.591751
-16.081 0.241921
-15.8169 -0.0791389
-15.5593 -0.374183
-15.3088 -0.645687
-15.0655 -0.895874
-14.8297 -1.12673
-14.6013 -1.34006
-14.3804 -1.53744
-14.1668 -1.72033
-13.9603 -1.89001
-13.7609 -2.04763
-13.5683 -2.19425
-13.3824 -2.3308
-13.2028 -2.45813
-13.0293 -2.577
-12.8618 -2.6881
-12.7 -2.79205
-12.5437 -2.88942
-12.3926 -2.98072
-12.2466 -3.06641
-12.1055 -3.14693
-11.9689 -3.22265
-11.8369 -3.29392
-11.709 -3.36107
-11.5853 -3.42439
-11.4655 -3.48415
-11.3494 -3.54059
-11.237 -3.59394
-11.1279 -3.64441
-11.0222 -3.69218
-10.9197 -3.73743
-10.8202 -3.78033
-10.7236 -3.82102
-10.6298 -3.85964
-10.5387 -3.89632
-10.4502 -3.93117
-10.3642 -3.96431
-10.2805 -3.99583
-10.1992 -4.02584
-10.12 -4.05441
-10.043 -4.08163
-9.96799 -4.10758
-9.89497 -4.13232
-9.82384 -4.15592
-9.75454 -4.17844
-9.68699 -4.19994
-9.62114 -4.22048
-9.55692 -4.2401
-9.49428 -4.25885
-9.43316 -4.27678
-9.37351 -4.29392
-9.31527 -4.31031
-9.25841 -4.326
-9.20287 -4.34101
-9.14861 -4.35538
-9.09559 -4.36914
-9.04377 -4.38231
-8.9931 -4.39493
-8.94356 -4.40702
-8.8951 -4.4186
-8.84769 -4.42969
-8.8013 -4.44032
-8.7559 -4.45051
-8.71146 -4.46028
-8.66794 -4.46963
-8.62533 -4.4786
-8.58358 -4.4872
-8.54269 -4.49544
-8.50261 -4.50334
-8.46334 -4.5109
-8.42484 -4.51816
-8.38709 -4.52511
-8.35008 -4.53177
-8.31378 -4.53814
-8.27817 -4.54425
-8.24323 -4.5501
-8.20895 -4.5557
-8.17531 -4.56106
-8.14228 -4.56619
-8.10986 -4.5711
-8.07803 -4.57579
-8.04677 -4.58027
-8.01607 -4.58456
-7.9859 -4.58865
-7.95627 -4.59255
-7.92716 -4.59628
-7.89855 -4.59983
-7.87042 -4.60321
-7.84278 -4.60644
-7.81561 -4.6095
-7.78888 -4.61241
-7.76261 -4.61518
-7.73677 -4.6178
-7.71135 -4.62028
-7.68634 -4.62264
-7.66174 -4.62486
-7.63754 -4.62695
-7.61372 -4.62893
-7.59028 -4.63078
-7.5672 -4.63253
-7.54449 -4.63416
-7.52213 -4.63568
-7.50011 -4.6371
-7.47844 -4.63841
-7.45709 -4.63963
-7.43606 -4.64075
-7.41535 -4.64178
-7.39495 -4.64271
-7.37486 -4.64356
-7.35506 -4.64432
-7.33555 -4.645
-7.31632 -4.6456
-7.29737 -4.64611
-7.2787 -4.64655
-7.2603 -4.64691
-7.24215 -4.6472
-7.22427 -4.64742
-7.20664 -4.64757
-7.18925 -4.64765
-7.17211 -4.64766
-7.1552 -4.64761
-7.13853 -4.64749
-7.12209 -4.64731
-7.10587 -4.64707
-7.08988 -4.64677
-7.0741 -4.64641
-7.05853 -4.646
-7.04318 -4.64553
-7.02802 -4.64501
-7.01307 -4.64443
-6.99832 -4.64381
-6.98377 -4.64313
-6.9694 -4.6424
-6.95522 -4.64162
-6.94123 -4.6408
-6.92742 -4.63993
-6.91379 -4.63901
-6.90033 -4.63805
-6.88705 -4.63704
-6.87394 -4.63599
-6.86099 -4.6349
-6.84821 -4.63377
-6.8356 -4.63259
-6.82314 -4.63138
-6.81084 -4.63013
-6.79869 -4.62884
-6.78669 -4.62751
-6.77485 -4.62614
-6.76315 -4.62474
-6.7516 -4.6233
-6.74019 -4.62183
-6.72893 -4.62032
-6.7178 -4.61878
-6.70681 -4.6172
-6.69595 -4.61559
-6.68523 -4.61395
-6.67464 -4.61228
-6.66418 -4.61057
-6.65385 -4.60884
-6.64364 -4.60708
-6.63356 -4.60528
-6.6236 -4.60346
-6.61376 -4.6016
-6.60404 -4.59972
-6.59444 -4.59781
-6.58496 -4.59587
-6.57559 -4.59391
-6.56633 -4.59192
-6.55719 -4.5899
-6.54815 -4.58786
-6.53923 -4.58579
-6.53042 -4.58369
-6.52171 -4.58157
-6.5131 -4.57943
-6.50461 -4.57726
-6.49621 -4.57507
-6.48792 -4.57285
-6.47972 -4.57061
-6.47163 -4.56835
-6.46364 -4.56607
-6.45574 -4.56376
-6.44794 -4.56143
-6.44023 -4.55908
-6.43262 -4.55671
-6.42511 -4.55432
-6.41768 -4.5519
-6.41035 -4.54947
-6.40311 -4.54701
-6.39595 -4.54454
-6.38889 -4.54204
-6.38191 -4.53953
-6.37502 -4.537
-6.36822 -4.53444
-6.3615 -4.53187
-6.35487 -4.52928
-6.34832 -4.52668
-6.34186 -4.52405
-6.33548 -4.52141
-6.32918 -4.51875
-6.32296 -4.51607
-6.31682 -4.51338
-6.31076 -4.51066
-6.30478 -4.50794
-6.29887 -4.50519
-6.29305 -4.50243
-6.2873 -4.49965
-6.28163 -4.49686
-6.27604 -4.49405
-6.27052 -4.49123
-6.26507 -4.48839
-6.2597 -4.48554
-6.25441 -4.48267
-6.24919 -4.47979
-6.24404 -4.4769
-6.23896 -4.47399
-6.23395 -4.47106
-6.22902 -4.46813
-6.22416 -4.46518
-6.21936 -4.46222
-6.21464 -4.45924
-6.20999 -4.45625
-6.2054 -4.45325
-6.20089 -4.45024
-6.19644 -4.44721
-6.19206 -4.44418
-6.18775 -4.44113
-6.18351 -4.43807
-6.17933 -4.435
-6.17522 -4.43192
-6.17117 -4.42883
-6.1672 -4.42572
-6.16328 -4.42261
-6.15943 -4.41949
-6.15565 -4.41636
-6.15193 -4.41321
-6.14828 -4.41006
-6.14469 -4.4069
-6.14116 -4.40373
-6.1377 -4.40056
-6.1343 -4.39737
-6.13096 -4.39417
-6.12769 -4.39097
-6.12448 -4.38776
-6.12133 -4.38455
-6.11824 -4.38132
-6.11522 -4.37809
-6.11225 -4.37485
-6.10935 -4.37161
-6.10651 -4.36836
-6.10372 -4.3651
-6.101 -4.36184
-6.09834 -4.35857
-6.09574 -4.35529
-6.0932 -4.35202
-6.09072 -4.34873
-6.0883 -4.34545
-6.08594 -4.34215
-6.08364 -4.33886
-6.0814 -4.33556
-6.07922 -4.33226
-6.07709 -4.32895
-6.07503 -4.32564
-6.07302 -4.32233
-6.07107 -4.31902
-6.06918 -4.31571
-6.06735 -4.31239
-6.06558 -4.30907
-6.06386 -4.30575
-6.0622 -4.30243
-6.0606 -4.29911
-6.05906 -4.29579
-6.05757 -4.29247
-6.05614 -4.28915
-6.05477 -4.28584
-6.05345 -4.28252
-6.05219 -4.2792
-6.05099 -4.27589
-6.04985 -4.27258
-6.04876 -4.26927
-6.04773 -4.26596
-6.04675 -4.26265
-6.04583 -4.25935
-6.04497 -4.25606
-6.04416 -4.25276
-6.0434 -4.24948
-6.04271 -4.24619
-6.04207 -4.24292
-6.04148 -4.23964
-6.04095 -4.23638
-6.04048 -4.23312
-6.04005 -4.22986
-6.03969 -4.22662
-6.03938 -4.22338
-6.03912 -4.22015
-6.03892 -4.21692
-6.03878 -4.21371
-6.03868 -4.2105
-6.03865 -4.20731
-6.03866 -4.20412
-6.03873 -4.20094
-6.03886 -4.19778
-6.03903 -4.19462
-6.03927 -4.19148
-6.03955 -4.18835
-6.03989 -4.18523
-6.04028 -4.18212
-6.04073 -4.17903
-6.04123 -4.17594
-6.04178 -4.17288
-6.04238 -4.16983
-6.04304 -4.16679
-6.04374 -4.16377
-6.0445 -4.16076
-6.04532 -4.15777
-6.04618 -4.15479
-6.0471 -4.15184
-6.04807 -4.1489
-6.04909 -4.14598
-6.05016 -4.14307
-6.05128 -4.14019
-6.05245 -4.13732
-6.05368 -4.13448
-6.05495 -4.13165
-6.05627 -4.12885
-6.05765 -4.12606
-6.05907 -4.1233
-6.06055 -4.12056
-6.06207 -4.11784
-6.06364 -4.11515
-6.06526 -4.11248
-6.06693 -4.10983
-6.06865 -4.10721
-6.07042 -4.10461
-6.07224 -4.10204
-6.0741 -4.09949
-6.07601 -4.09697
-6.07797 -4.09447
-6.07997 -4.09201
-6.08203 -4.08957
-6.08412 -4.08716
-6.08627 -4.08478
-6.08846 -4.08243
-6.09069 -4.0801
-6.09298 -4.07781
-6.0953 -4.07555
-6.09767 -4.07332
-6.10009 -4.07112
-6.10255 -4.06896
-6.10505 -4.06682
-6.1076 -4.06472
-6.11018 -4.06265
-6.11282 -4.06062
-6.11549 -4.05862
-6.11821 -4.05666
-6.12096 -4.05473
-6.12376 -4.05284
-6.1266 -4.05099
-6.12948 -4.04917
-6.1324 -4.04739
-6.13535 -4.04564
-6.13835 -4.04394
-6.14139 -4.04227
-6.14446 -4.04065
-6.14757 -4.03906
-6.15072 -4.03751
-6.1539 -4.03601
-6.15713 -4.03454
-6.16038 -4.03312
-6.16368 -4.03174
-6.167 -4.0304
-6.17036 -4.0291
-6.17376 -4.02785
-6.17719 -4.02664
-6.18065 -4.02547
-6.18414 -4.02435
-6.18767 -4.02327
-6.19123 -4.02224
-6.19481 -4.02126
-6.19843 -4.02032
-6.20208 -4.01942
-6.20575 -4.01857
-6.20946 -4.01777
-6.21319 -4.01702
-6.21695 -4.01632
-6.22073 -4.01566
-6.22454 -4.01505
-6.22838 -4.01449
-6.23224 -4.01398
-6.23613 -4.01352
-6.24004 -4.01311
-6.24397 -4.01275
-6.24793 -4.01244
-6.2519 -4.01218
-6.2559 -4.01197
-6.25992 -4.01181
-6.26395 -4.0117
-6.26801 -4.01165
-6.27208 -4.01164
-6.27618 -4.01169
-6.28028 -4.01179
-6.28441 -4.01195
-6.28855 -4.01215
-6.29271 -4.01241
-6.29688 -4.01273
-6.30106 -4.01309
-6.30526 -4.01351
-6.30947 -4.01398
-6.31369 -4.01451
-6.31792 -4.01509
-6.32216 -4.01572
-6.32641 -4.01641
-6.33067 -4.01715
-6.33493 -4.01795
-6.33921 -4.0188
-6.34349 -4.0197
-6.34777 -4.02066
-6.35206 -4.02168
-6.35636 -4.02275
-6.36066 -4.02387
-6.36496 -4.02505
-6.36926 -4.02628
-6.37357 -4.02757
-6.37787 -4.02891
-6.38218 -4.03031
-6.38648 -4.03176
-6.39079 -4.03326
-6.39509 -4.03482
-6.39939 -4.03644
-6.40368 -4.0381
-6.40797 -4.03983
-6.41226 -4.0416
-6.41653 -4.04343
-6.42081 -4.04532
-6.42507 -4.04725
-6.42933 -4.04924
-6.43358 -4.05129
-6.43782 -4.05338
-6.44205 -4.05553
-6.44626 -4.05774
-6.45047 -4.05999
-6.45466 -4.0623
-6.45885 -4.06466
-6.46301 -4.06707
-6.46717 -4.06953
-6.47131 -4.07205
-6.47543 -4.07461
-6.47954 -4.07723
-6.48363 -4.0799
-6.4877 -4.08261
-6.49176 -4.08538
-6.49579 -4.0882
-6.49981 -4.09106
-6.50381 -4.09398
-6.50778 -4.09694
-6.51174 -4.09995
-6.51567 -4.10301
-6.51958 -4.10611
-6.52347 -4.10927
-6.52733 -4.11247
-6.53117 -4.11571
-6.53499 -4.119
-6.53878 -4.12234
-6.54254 -4.12572
-6.54628 -4.12915
-6.54999 -4.13262
-6.55367 -4.13614
-6.55733 -4.13969
-6.56096 -4.14329
-6.56455 -4.14694
-6.56812 -4.15062
-6.57166 -4.15435
-6.57517 -4.15812
-6.57865 -4.16192
-6.5821 -4.16577
-6.58551 -4.16966
-6.58889 -4.17358
-6.59224 -4.17755
-6.59556 -4.18155
-6.59885 -4.18559
-6.6021 -4.18966
-6.60531 -4.19377
-6.60849 -4.19792
-6.61164 -4.2021
-6.61475 -4.20632
-6.61783 -4.21057
-6.62087 -4.21486
-6.62387 -4.21918
-6.62684 -4.22353
-6.62977 -4.22791
-6.63266 -4.23232
-6.63552 -4.23677
-6.63834 -4.24124
-6.64112 -4.24575
-6.64386 -4.25028
-6.64657 -4.25484
-6.64923 -4.25943
-6.65186 -4.26405
-6.65445 -4.26869
-6.65699 -4.27336
-6.6595 -4.27806
-6.66197 -4.28278
-6.6644 -4.28752
-6.66679 -4.29229
-6.66914 -4.29708
-6.67145 -4.3019
-6.67372 -4.30674
-6.67595 -4.31159
-6.67813 -4.31647
-6.68028 -4.32137
-6.68239 -4.3263
-6.68445 -4.33123
-6.68648 -4.33619
-6.68846 -4.34117
-6.6904 -4.34616
-6.6923 -4.35118
-6.69416 -4.3562
-6.69598 -4.36125
-6.69776 -4.36631
-6.69949 -4.37138
-6.70119 -4.37647
-6.70284 -4.38157
-6.70445 -4.38669
-6.70602 -4.39182
-6.70755 -4.39696
-6.70904 -4.40211
-6.71049 -4.40728
-6.7119 -4.41245
-6.71326 -4.41764
-6.71459 -4.42283
-6.71587 -4.42803
-6.71711 -4.43325
-6.71831 -4.43847
-6.71948 -4.44369
-6.7206 -4.44893
-6.72168 -4.45417
-6.72272 -4.45942
-6.72372 -4.46467
-6.72468 -4.46993
-6.7256 -4.47519
-6.72648 -4.48046
-6.72732 -4.48573
-6.72812 -4.49101
-6.72888 -4.49629
-6.7296 -4.50157
-6.73029 -4.50685
-6.73093 -4.51213
-6.73154 -4.51742
-6.7321 -4.5227
-6.73263 -4.52799
-6.73312 -4.53328
-6.73358 -4.53856
-6.73399 -4.54385
-6.73437 -4.54913
-6.73471 -4.55441
-6.73501 -4.55969
-6.73528 -4.56497
-6.73551 -4.57025
-6.7357 -4.57552
-6.73586 -4.58079
-6.73598 -4.58605
-6.73607 -4.59131
-6.73612 -4.59657
-6.73613 -4.60182
-6.73611 -4.60707
-6.73605 -4.61231
-6.73596 -4.61754
-6.73584 -4.62277
-6.73568 -4.628
-6.73549 -4.63321
-6.73526 -4.63842
-6.735 -4.64362
-6.73471 -4.64881
-6.73438 -4.654
-6.73403 -4.65918
-6.73363 -4.66435
-6.73321 -4.66951
-6.73276 -4.67466
-6.73227 -4.6798
-6.73176 -4.68493
-6.73121 -4.69006
-6.73063 -4.69517
-6.73002 -4.70027
-6.72938 -4.70537
-6.72872 -4.71045
-6.72802 -4.71552
-6.72729 -4.72058
-6.72653 -4.72563
-6.72575 -4.73067
-6.72493 -4.73569
-6.72409 -4.74071
-6.72322 -4.74571
-6.72233 -4.7507
-6.7214 -4.75567
-6.72045 -4.76064
-6.71947 -4.76559
-6.71847 -4.77053
-6.71744 -4.77546
-6.71638 -4.78037
-6.7153 -4.78527
-6.71419 -4.79016
-6.71305 -4.79503
-6.7119 -4.79989
-6.71071 -4.80473
-6.70951 -4.80956
-6.70828 -4.81438
-6.70702 -4.81918
-6.70574 -4.82397
-6.70444 -4.82874
-6.70312 -4.8335
-6.70177 -4.83825
-6.7004 -4.84298
-6.69901 -4.84769
-6.6976 -4.85239
-6.69616 -4.85708
-6.69471 -4.86175
-6.69323 -4.8664
-6.69173 -4.87104
-6.69021 -4.87566
-6.68868 -4.88027
-6.68712 -4.88487
-6.68554 -4.88944
-6.68394 -4.89401
-6.68232 -4.89855
-6.68069 -4.90308
-6.67903 -4.9076
-6.67736 -4.9121
-6.67567 -4.91658
-6.67396 -4.92105
-6.67223 -4.9255
-6.67049 -4.92994
-6.66873 -4.93436
-6.66695 -4.93876
-6.66515 -4.94315
-6.66334 -4.94752
-6.66152 -4.95188
-6.65967 -4.95621
-6.65781 -4.96054
-6.65594 -4.96485
-6.65405 -4.96914
-6.65214 -4.97341
-6.65022 -4.97767
-6.64828 -4.98192
-6.64633 -4.98614
-6.64437 -4.99035
-6.64239 -4.99455
-6.6404 -4.99873
-6.6384 -5.00289
-6.63638 -5.00704
-6.63435 -5.01117
-6.6323 -5.01528
-6.63025 -5.01938
-6.62818 -5.02347
-6.6261 -5.02753
-6.624 -5.03158
-6.6219 -5.03562
-6.61978 -5.03964
-6.61765 -5.04364
-6.61551 -5.04763
-6.61336 -5.0516
-6.6112 -5.05556
-6.60902 -5.0595
-6.60684 -5.06342
-6.60465 -5.06733
-6.60244 -5.07122
-6.60023 -5.0751
-6.59801 -5.07897
-6.59577 -5.08281
-6.59353 -5.08664
-6.59128 -5.09046
-6.58902 -5.09426
-6.58675 -5.09805
-6.58447 -5.10182
-6.58219 -5.10557
-6.57989 -5.10931
-6.57759 -5.11304
-6.57528 -5.11675
-6.57296 -5.12045
-6.57063 -5.12413
-6.5683 -5.12779
-6.56596 -5.13144
-6.56361 -5.13508
-6.56125 -5.1387
-6.55889 -5.14231
-6.55652 -5.1459
-6.55414 -5.14948
-6.55176 -5.15304
-6.54937 -5.15659
-6.54698 -5.16013
-6.54458 -5.16365
-6.54217 -5.16716
-6.53976 -5.17065
-6.53734 -5.17413
-6.53491 -5.17759
-6.53248 -5.18105
-6.53005 -5.18448
-6.52761 -5.18791
-6.52517 -5.19132
-6.52272 -5.19471
-6.52026 -5.1981
-6.5178 -5.20147
-6.51534 -5.20483
-6.51287 -5.20817
-6.5104 -5.2115
-6.50793 -5.21482
-6.50545 -5.21812
-6.50296 -5.22141
-6.50048 -5.22469
-6.49799 -5.22796
-6.49549 -5.23121
-6.493 -5.23445
-6.49049 -5.23768
-6.48799 -5.24089
-6.48548 -5.2441
-6.48297 -5.24729
-6.48046 -5.25047
-6.47795 -5.25363
-6.47543 -5.25679
-6.47291 -5.25993
-6.47038 -5.26306
-6.46786 -5.26618
-6.46533 -5.26928
-6.4628 -5.27238
-6.46027 -5.27546
-6.45774 -5.27853
-6.4552 -5.2816
-6.45266 -5.28464
-6.45012 -5.28768
-6.44758 -5.29071
-6.44504 -5.29372
-6.4425 -5.29673
-6.43995 -5.29972
-6.43741 -5.30271
-6.43486 -5.30568
-6.43231 -5.30864
-6.42976 -5.31159
-6.42721 -5.31453
-6.42466 -5.31746
-6.42211 -5.32038
-6.41955 -5.32329
-6.417 -5.32619
-6.41445 -5.32907
-6.41189 -5.33195
-6.40934 -5.33482
-6.40678 -5.33768
-6.40423 -5.34053
-6.40167 -5.34337
-6.39912 -5.3462
-6.39656 -5.34902
-6.39401 -5.35183
-6.39145 -5.35463
-6.3889 -5.35742
-6.38634 -5.3602
-6.38379 -5.36297
-6.38124 -5.36574
-6.37868 -5.36849
-6.37613 -5.37124
-6.37358 -5.37397
-6.37103 -5.3767
-6.36847 -5.37942
-6.36592 -5.38213
-6.36337 -5.38483
-6.36083 -5.38753
-6.35828 -5.39021
-6.35573 -5.39289
-6.35319 -5.39556
-6.35064 -5.39822
-6.3481 -5.40087
-6.34556 -5.40351
-6.34301 -5.40615
-6.34047 -5.40878
-6.33794 -5.4114
-6.3354 -5.41401
-6.33286 -5.41661
-6.33033 -5.41921
-6.3278 -5.4218
-6.32527 -5.42438
-6.32274 -5.42696
-6.32021 -5.42953
-6.31768 -5.43209
-6.31516 -5.43464
-6.31264 -5.43719
-6.31012 -5.43973
-6.3076 -5.44226
-6.30508 -5.44478
-6.30257 -5.4473
-6.30005 -5.44981
-6.29754 -5.45232
-6.29504 -5.45482
-6.29253 -5.45731
-6.29003 -5.45979
-6.28752 -5.46227
-6.28502 -5.46474
-6.28253 -5.46721
-6.28003 -5.46967
-6.27754 -5.47213
-6.27505 -5.47457
-6.27256 -5.47702
-6.27008 -5.47945
-6.2676 -5.48188
-6.26512 -5.48431
-6.26264 -5.48673
-6.26017 -5.48914
-6.25769 -5.49155
-6.25523 -5.49395
-6.25276 -5.49635
-6.2503 -5.49874
-6.24784 -5.50112
-6.24538 -5.5035
-6.24292 -5.50588
-6.24047 -5.50825
-6.23802 -5.51061
-6.23558 -5.51298
-6.23313 -5.51533
-6.23069 -5.51768
-6.22826 -5.52003
-6.22582 -5.52237
-6.22339 -5.5247
-6.22097 -5.52704
-6.21854 -5.52936
-6.21612 -5.53169
-6.21371 -5.534
-6.21129 -5.53632
-6.20888 -5.53863
-6.20647 -5.54093
-6.20407 -5.54323
-6.20167 -5.54553
-6.19927 -5.54782
-6.19688 -5.55011
-6.19449 -5.55239
-6.1921 -5.55468
-6.18972 -5.55695
-6.18734 -5.55923
-6.18496 -5.56149
-6.18259 -5.56376
-6.18022 -5.56602
-6.17786 -5.56828
-6.17549 -5.57054
-6.17314 -5.57279
-6.17078 -5.57504
-6.16843 -5.57728
-6.16609 -5.57952
-6.16374 -5.58176
-6.1614 -5.58399
-6.15907 -5.58623
-6.15674 -5.58845
-6.15441 -5.59068
-6.15209 -5.5929
-6.14977 -5.59512
-6.14746 -5.59734
-6.14514 -5.59955
-6.14284 -5.60176
-6.14053 -5.60397
-6.13824 -5.60618
-6.13594 -5.60838
-6.13365 -5.61058
-6.13136 -5.61278
-6.12908 -5.61498
-6.1268 -5.61717
-6.12453 -5.61936
-6.12226 -5.62155
-6.12 -5.62373
-6.11773 -5.62592
-6.11548 -5.6281
-6.11323 -5.63028
-6.11098 -5.63246
-6.10873 -5.63463
-6.1065 -5.6368
-6.10426 -5.63898
-6.10203 -5.64115
-6.0998 -5.64331
-6.09758 -5.64548
-6.09537 -5.64764
-6.09315 -5.64981
-6.09095 -5.65197
-6.08874 -5.65412
-6.08654 -5.65628
-6.08435 -5.65844
-6.08216 -5.66059
-6.07998 -5.66275
-6.0778 -5.6649
-6.07562 -5.66705
-6.07345 -5.6692
-6.07129 -5.67134
-6.06912 -5.67349
-6.06697 -5.67563
-6.06482 -5.67778
-6.06267 -5.67992
-6.06053 -5.68206
-6.05839 -5.6842
-6.05626 -5.68634
-6.05413 -5.68848
-6.05201 -5.69062
-6.04989 -5.69275
-6.04778 -5.69489
-6.04568 -5.69702
-6.04357 -5.69916
-6.04148 -5.70129
-6.03938 -5.70342
-6.0373 -5.70555
-6.03522 -5.70769
-6.03314 -5.70982
-6.03107 -5.71195
-6.029 -5.71408
-6.02694 -5.7162
-6.02489 -5.71833
-6.02284 -5.72046
-6.02079 -5.72259
-6.01875 -5.72472
-6.01672 -5.72684
-6.01469 -5.72897
-6.01266 -5.7311
-6.01064 -5.73322
-6.00863 -5.73535
-6.00662 -5.73747
-6.00462 -5.7396
-6.00263 -5.74173
-6.00063 -5.74385
-5.99865 -5.74598
-5.99667 -5.7481
-5.99469 -5.75023
-5.99273 -5.75235
-5.99076 -5.75448
-5.98881 -5.7566
-5.98685 -5.75873
-5.98491 -5.76085
-5.98297 -5.76298
-5.98103 -5.76511
-5.9791 -5.76723
-5.97718 -5.76936
-5.97526 -5.77149
-5.97335 -5.77362
-5.97145 -5.77574
-5.96955 -5.77787
-5.96765 -5.78
-5.96576 -5.78213
-5.96388 -5.78426
-5.96201 -5.78639
-5.96014 -5.78852
-5.95827 -5.79065
-5.95641 -5.79278
-5.95456 -5.79491
-5.95272 -5.79705
-5.95088 -5.79918
-5.94904 -5.80131
-5.94722 -5.80345
-5.9454 -5.80558
-5.94358 -5.80772
-5.94177 -5.80986
-5.93997 -5.812
-5.93818 -5.81413
-5.93639 -5.81627
-5.9346 -5.81841
-5.93283 -5.82055
-5.93106 -5.8227
-5.92929 -5.82484
-5.92754 -5.82698
-5.92579 -5.82913
-5.92404 -5.83127
-5.9223 -5.83342
-5.92057 -5.83556
-5.91885 -5.83771
-5.91713 -5.83986
-5.91542 -5.84201
-5.91372 -5.84416
-5.91202 -5.84631
-5.91033 -5.84847
-5.90864 -5.85062
-5.90697 -5.85278
-5.9053 -5.85493
-5.90363 -5.85709
-5.90198 -5.85925
-5.90033 -5.86141
-5.89869 -5.86357
-5.89705 -5.86573
-5.89542 -5.8679
-5.8938 -5.87006
-5.89219 -5.87223
-5.89058 -5.87439
-5.88898 -5.87656
-5.88739 -5.87873
-5.8858 -5.8809
-5.88422 -5.88307
-5.88265 -5.88525
-5.88109 -5.88742
-5.87953 -5.8896
-5.87798 -5.89177
-5.87644 -5.89395
-5.87491 -5.89613
-5.87338 -5.89831
-5.87186 -5.90049
-5.87035 -5.90268
-5.86884 -5.90486
-5.86735 -5.90705
-5.86586 -5.90923
-5.86438 -5.91142
-5.86291 -5.91361
-5.86144 -5.9158
-5.85998 -5.918
-5.85853 -5.92019
-5.85709 -5.92238
-5.85565 -5.92458
-5.85423 -5.92678
-5.85281 -5.92898
-5.8514 -5.93118
-5.85 -5.93338
-5.8486 -5.93558
-5.84721 -5.93779
-5.84584 -5.93999
-5.84447 -5.9422
-5.8431 -5.94441
-5.84175 -5.94662
-5.8404 -5.94883
-5.83907 -5.95104
-5.83774 -5.95325
-5.83642 -5.95547
-5.8351 -5.95768
-5.8338 -5.9599
-5.8325 -5.96212
-5.83122 -5.96434
-5.82994 -5.96656
-5.82867 -5.96878
-5.82741 -5.971
-5.82615 -5.97323
-5.82491 -5.97545
-5.82367 -5.97768
-5.82245 -5.97991
-5.82123 -5.98214
-5.82002 -5.98437
-5.81882 -5.9866
-5.81763 -5.98883
-5.81644 -5.99107
-5.81527 -5.9933
-5.81411 -5.99554
-5.81295 -5.99777
-5.8118 -6.00001
-5.81067 -6.00225
-5.80954 -6.00449
-5.80842 -6.00673
-5.80731 -6.00897
-5.80621 -6.01122
-5.80511 -6.01346
-5.80403 -6.01571
-5.80296 -6.01795
-5.8019 -6.0202
-5.80084 -6.02245
-5.7998 -6.02469
-5.79876 -6.02694
-5.79773 -6.02919
-5.79672 -6.03144
-5.79571 -6.0337
-5.79471 -6.03595
-5.79373 -6.0382
-5.79275 -6.04045
-5.79178 -6.04271
-5.79082 -6.04496
-5.78987 -6.04722
-5.78893 -6.04947
-5.788 -6.05173
-5.78709 -6.05399
-5.78618 -6.05625
-5.78528 -6.0585
-5.78439 -6.06076
-5.78351 -6.06302
-5.78264 -6.06528
-5.78178 -6.06754
-5.78093 -6.0698
-5.78009 -6.07206
-5.77926 -6.07432
-5.77845 -6.07658
-5.77764 -6.07884
-5.77684 -6.0811
-5.77605 -6.08336
-5.77527 -6.08562
-5.77451 -6.08788
-5.77375 -6.09014
-5.77301 -6.0924
-5.77227 -6.09466
-5.77155 -6.09692
-5.77083 -6.09918
-5.77013 -6.10144
-5.76944 -6.1037
-5.76875 -6.10596
-5.76808 -6.10822
-5.76742 -6.11047
-5.76677 -6.11273
-5.76613 -6.11499
-5.7655 -6.11724
-5.76488 -6.1195
-5.76428 -6.12176
-5.76368 -6.12401
-5.7631 -6.12626
-5.76252 -6.12852
-5.76196 -6.13077
-5.76141 -6.13302
-5.76087 -6.13527
-5.76034 -6.13752
-5.75982 -6.13976
-5.75931 -6.14201
-5.75881 -6.14426
-5.75833 -6.1465
-5.75785 -6.14874
-5.75739 -6.15099
-5.75694 -6.15323
-5.7565 -6.15546
-5.75607 -6.1577
-5.75565 -6.15994
-5.75525 -6.16217
-5.75485 -6.1644
-5.75447 -6.16663
-5.75409 -6.16886
-5.75373 -6.17109
-5.75338 -6.17331
-5.75305 -6.17554
-5.75272 -6.17776
-5.75241 -6.17998
-5.7521 -6.18219
-5.75181 -6.18441
-5.75153 -6.18662
-5.75126 -6.18883
-5.75101 -6.19103
-5.75076 -6.19324
-5.75053 -6.19544
-5.7503 -6.19764
-5.75009 -6.19983
-5.7499 -6.20203
-5.74971 -6.20422
-5.74953 -6.20641
-5.74937 -6.20859
-5.74922 -6.21077
-5.74908 -6.21295
-5.74895 -6.21513
-5.74883 -6.2173
-5.74873 -6.21947
-5.74864 -6.22163
-5.74856 -6.22379
-5.74849 -6.22595
-5.74843 -6.2281
-5.74838 -6.23025
-5.74835 -6.2324
-5.74833 -6.23454
-5.74832 -6.23668
-5.74832 -6.23882
-5.74834 -6.24095
-5.74836 -6.24307
-5.7484 -6.24519
-5.74845 -6.24731
-5.74851 -6.24942
-5.74858 -6.25153
-5.74867 -6.25364
-5.74876 -6.25573
-5.74887 -6.25783
-5.74899 -6.25992
-5.74913 -6.262
-5.74927 -6.26408
-5.74943 -6.26616
-5.74959 -6.26822
-5.74977 -6.27029
-5.74997 -6.27235
-5.75017 -6.2744
-5.75038 -6.27645
-5.75061 -6.27849
-5.75085 -6.28052
-5.7511 -6.28255
-5.75136 -6.28458
-5.75164 -6.28659
-5.75192 -6.28861
-5.75222 -6.29061
-5.75253 -6.29261
-5.75285 -6.2946
-5.75318 -6.29659
-5.75353 -6.29857
-5.75388 -6.30054
-5.75425 -6.30251
-5.75463 -6.30447
-5.75502 -6.30642
-5.75542 -6.30837
-5.75583 -6.31031
-5.75626 -6.31224
-5.75669 -6.31416
-5.75714 -6.31608
-5.7576 -6.31799
-5.75807 -6.31989
-5.75855 -6.32179
-5.75904 -6.32367
-5.75955 -6.32555
-5.76006 -6.32742
-5.76059 -6.32929
-5.76113 -6.33114
-5.76167 -6.33299
-5.76223 -6.33483
-5.76281 -6.33666
-5.76339 -6.33848
-5.76398 -6.34029
-5.76458 -6.3421
-5.7652 -6.34389
-5.76582 -6.34568
-5.76646 -6.34746
-5.7671 -6.34923
-5.76776 -6.35099
-5.76843 -6.35274
-5.76911 -6.35448
-5.7698 -6.35621
-5.7705 -6.35794
-5.77121 -6.35965
-5.77193 -6.36135
-5.77266 -6.36305
-5.7734 -6.36473
-5.77415 -6.36641
-5.77491 -6.36807
-5.77568 -6.36972
-5.77646 -6.37137
-5.77725 -6.373
-5.77805 -6.37463
-5.77886 -6.37624
-5.77968 -6.37784
-5.78051 -6.37943
-5.78135 -6.38102
-5.7822 -6.38259
-5.78306 -6.38415
-5.78393 -6.38569
-5.7848 -6.38723
-5.78569 -6.38876
-5.78658 -6.39027
-5.78749 -6.39178
-5.7884 -6.39327
-5.78933 -6.39475
-5.79026 -6.39622
-5.7912 -6.39768
-5.79215 -6.39913
-5.7931 -6.40056
-5.79407 -6.40199
-5.79504 -6.4034
-5.79603 -6.4048
-5.79702 -6.40618
-5.79802 -6.40756
-5.79902 -6.40892
-5.80004 -6.41027
-5.80106 -6.41161
-5.80209 -6.41293
-5.80313 -6.41425
-5.80418 -6.41555
-5.80523 -6.41683
-5.8063 -6.41811
-5.80737 -6.41937
-5.80844 -6.42062
-5.80953 -6.42186
-5.81062 -6.42308
-5.81171 -6.42429
-5.81282 -6.42549
-5.81393 -6.42667
-5.81505 -6.42784
-5.81617 -6.429
-5.8173 -6.43014
-5.81844 -6.43127
-5.81958 -6.43239
-5.82073 -6.43349
-5.82189 -6.43458
-5.82305 -6.43566
-5.82422 -6.43672
-5.82539 -6.43777
-5.82657 -6.4388
-5.82776 -6.43982
-5.82894 -6.44083
-5.83014 -6.44182
-5.83134 -6.4428
-5.83255 -6.44376
-5.83376 -6.44471
-5.83497 -6.44565
-5.83619 -6.44657
-5.83742 -6.44748
-5.83864 -6.44837
-5.83988 -6.44925
-5.84112 -6.45011
-5.84236 -6.45096
-5.8436 -6.45179
-5.84485 -6.45261
-5.84611 -6.45342
-5.84736 -6.45421
-5.84862 -6.45498
-5.84989 -6.45575
-5.85116 -6.45649
-5.85243 -6.45722
-5.8537 -6.45794
-5.85498 -6.45864
-5.85626 -6.45933
-5.85754 -6.46
-5.85882 -6.46066
-5.86011 -6.4613
-5.8614 -6.46193
-5.86269 -6.46254
-5.86398 -6.46314
-5.86528 -6.46372
-5.86658 -6.46429
-5.86787 -6.46484
-5.86917 -6.46538
-5.87048 -6.4659
-5.87178 -6.4664
-5.87308 -6.4669
-5.87439 -6.46737
-5.8757 -6.46783
-5.877 -6.46828
-5.87831 -6.46871
-5.87962 -6.46913
-5.88093 -6.46953
-5.88224 -6.46991
-5.88354 -6.47028
-5.88485 -6.47064
-5.88616 -6.47098
-5.88747 -6.4713
-5.88878 -6.47161
-5.89009 -6.47191
-5.89139 -6.47218
-5.8927 -6.47245
-5.89401 -6.4727
-5.89531 -6.47293
-5.89661 -6.47315
-5.89792 -6.47335
-5.89922 -6.47354
-5.90052 -6.47371
-5.90181 -6.47387
-5.90311 -6.47402
-5.9044 -6.47414
-5.9057 -6.47426
-5.90699 -6.47435
-5.90827 -6.47444
-5.90956 -6.47451
-5.91084 -6.47456
-5.91212 -6.4746
-5.9134 -6.47462
-5.91467 -6.47463
-5.91594 -6.47462
-5.91721 -6.4746
-5.91847 -6.47456
-5.91974 -6.47451
-5.92099 -6.47445
-5.92225 -6.47437
-5.9235 -6.47427
-5.92474 -6.47417
-5.92599 -6.47404
-5.92723 -6.4739
-5.92846 -6.47375
-5.92969 -6.47358
-5.93091 -6.4734
-5.93214 -6.47321
-5.93335 -6.473
-5.93456 -6.47277
-5.93577 -6.47254
-5.93697 -6.47228
-5.93817 -6.47202
-5.93936 -6.47174
-5.94054 -6.47144
-5.94172 -6.47113
-5.9429 -6.47081
-5.94406 -6.47048
-5.94523 -6.47013
-5.94638 -6.46976
-5.94753 -6.46939
-5.94868 -6.469
-5.94982 -6.46859
-5.95095 -6.46817
-5.95207 -6.46774
-5.95319 -6.4673
-5.9543 -6.46684
-5.95541 -6.46637
-5.95651 -6.46589
-5.9576 -6.46539
-5.95868 -6.46488
-5.95976 -6.46436
-5.96083 -6.46382
-5.96189 -6.46328
-5.96295 -6.46272
-5.96399 -6.46214
-5.96503 -6.46156
-5.96606 -6.46096
-5.96709 -6.46035
-5.9681 -6.45972
-5.96911 -6.45909
-5.97011 -6.45844
-5.9711 -6.45778
-5.97209 -6.45711
-5.97306 -6.45642
-5.97403 -6.45573
-5.97498 -6.45502
-5.97593 -6.4543
-5.97687 -6.45357
-5.9778 -6.45283
-5.97873 -6.45208
-5.97964 -6.45131
-5.98054 -6.45053
-5.98144 -6.44975
-5.98232 -6.44895
-5.9832 -6.44814
-5.98407 -6.44732
-5.98493 -6.44649
-5.98577 -6.44564
-5.98661 -6.44479
-5.98744 -6.44393
-5.98826 -6.44305
-5.98907 -6.44217
-5.98987 -6.44127
-5.99066 -6.44037
-5.99144 -6.43945
-5.99221 -6.43853
-5.99296 -6.43759
-5.99371 -6.43665
-5.99445 -6.43569
-5.99518 -6.43473
-5.9959 -6.43375
-5.9966 -6.43277
-5.9973 -6.43177
-5.99799 -6.43077
-5.99866 -6.42976
-5.99933 -6.42874
-5.99998 -6.42771
-6.00062 -6.42667
-6.00125 -6.42562
-6.00188 -6.42456
-6.00249 -6.4235
-6.00309 -6.42242
-6.00367 -6.42134
-6.00425 -6.42025
-6.00482 -6.41915
-6.00537 -6.41804
-6.00591 -6.41693
-6.00645 -6.4158
-6.00697 -6.41467
-6.00748 -6.41353
-6.00797 -6.41238
-6.00846 -6.41123
-6.00894 -6.41007
-6.0094 -6.4089
-6.00985 -6.40772
-6.01029 -6.40653
-6.01072 -6.40534
-6.01114 -6.40414
-6.01154 -6.40294
-6.01193 -6.40172
-6.01232 -6.4005
-6.01269 -6.39928
-6.01304 -6.39804
-6.01339 -6.3968
-6.01372 -6.39556
-6.01405 -6.3943
-6.01436 -6.39304
-6.01466 -6.39178
-6.01494 -6.39051
-6.01522 -6.38923
