Path for ray(in pc) -12 -7
Points calculated each 200 days for 1000 years.
-4.41783 -2.21954
-4.41566 -2.22367
-4.41352 -2.22775
-4.41142 -2.23178
-4.40936 -2.23575
-4.40733 -2.23968
-4.40533 -2.24355
-4.40337 -2.24737
-4.40144 -2.25114
-4.39954 -2.25485
-4.39768 -2.25852
-4.39585 -2.26213
-4.39405 -2.26569
-4.39228 -2.2692
-4.39054 -2.27266
-4.38883 -2.27607
-4.38715 -2.27943
-4.38549 -2.28273
-4.38387 -2.28599
-4.38227 -2.28919
-4.3807 -2.29234
-4.37916 -2.29545
-4.37765 -2.2985
-4.37616 -2.3015
-4.37469 -2.30445
-4.37325 -2.30735
-4.37184 -2.31021
-4.37045 -2.31301
-4.36909 -2.31576
-4.36775 -2.31846
-4.36643 -2.32111
-4.36513 -2.32371
-4.36386 -2.32627
-4.36261 -2.32877
-4.36139 -2.33123
-4.36018 -2.33363
-4.359 -2.33599
-4.35783 -2.33829
-4.35669 -2.34055
-4.35557 -2.34276
-4.35447 -2.34492
-4.35339 -2.34703
-4.35233 -2.3491
-4.35129 -2.35111
-4.35027 -2.35308
-4.34927 -2.355
-4.34828 -2.35687
-4.34732 -2.35869
-4.34637 -2.36046
-4.34544 -2.36219
-4.34453 -2.36387
-4.34364 -2.3655
-4.34276 -2.36708
-4.3419 -2.36862
-4.34106 -2.37011
-4.34024 -2.37155
-4.33943 -2.37294
-4.33864 -2.37429
-4.33787 -2.37559
-4.33711 -2.37684
-4.33637 -2.37805
-4.33564 -2.37921
-4.33493 -2.38032
-4.33424 -2.38138
-4.33356 -2.3824
-4.33289 -2.38337
-4.33225 -2.3843
-4.33161 -2.38518
-4.331 -2.38601
-4.3304 -2.3868
-4.32981 -2.38754
-4.32924 -2.38823
-4.32868 -2.38888
-4.32814 -2.38948
-4.32761 -2.39004
-4.32709 -2.39055
-4.32659 -2.39101
-4.32611 -2.39143
-4.32564 -2.39181
-4.32518 -2.39213
-4.32474 -2.39242
-4.32431 -2.39265
-4.3239 -2.39284
-4.3235 -2.39299
-4.32312 -2.39309
-4.32275 -2.39314
-4.32239 -2.39315
-4.32205 -2.39312
-4.32172 -2.39304
-4.32141 -2.39291
-4.32111 -2.39274
-4.32082 -2.39252
-4.32055 -2.39226
-4.32029 -2.39196
-4.32005 -2.3916
-4.31982 -2.39121
-4.31961 -2.39077
-4.31941 -2.39028
-4.31923 -2.38975
-4.31906 -2.38918
-4.3189 -2.38856
-4.31876 -2.3879
-4.31863 -2.38719
-4.31852 -2.38643
-4.31842 -2.38564
-4.31834 -2.38479
-4.31828 -2.38391
-4.31822 -2.38298
-4.31819 -2.382
-4.31817 -2.38098
-4.31816 -2.37992
-4.31817 -2.37881
-4.3182 -2.37766
-4.31824 -2.37646
-4.3183 -2.37522
-4.31837 -2.37394
-4.31846 -2.37261
-4.31857 -2.37124
-4.31869 -2.36982
-4.31883 -2.36836
-4.31899 -2.36686
-4.31916 -2.36531
-4.31935 -2.36372
-4.31956 -2.36209
-4.31978 -2.36041
-4.32003 -2.35868
-4.32029 -2.35692
-4.32057 -2.35511
-4.32087 -2.35326
-4.32118 -2.35136
-4.32152 -2.34942
-4.32187 -2.34743
-4.32224 -2.34541
-4.32264 -2.34334
-4.32305 -2.34122
-4.32348 -2.33907
-4.32393 -2.33687
-4.32441 -2.33463
-4.3249 -2.33234
-4.32541 -2.33001
-4.32595 -2.32764
-4.32651 -2.32523
-4.32708 -2.32277
-4.32768 -2.32027
-4.32831 -2.31773
-4.32895 -2.31514
-4.32962 -2.31251
-4.33031 -2.30984
-4.33102 -2.30713
-4.33176 -2.30438
-4.33253 -2.30158
-4.33331 -2.29874
-4.33412 -2.29586
-4.33496 -2.29294
-4.33582 -2.28998
-4.33671 -2.28697
-4.33762 -2.28392
-4.33856 -2.28084
-4.33953 -2.27771
-4.34052 -2.27453
-4.34154 -2.27132
-4.34259 -2.26807
-4.34367 -2.26477
-4.34477 -2.26144
-4.34591 -2.25806
-4.34707 -2.25465
-4.34826 -2.25119
-4.34949 -2.2477
-4.35074 -2.24416
-4.35202 -2.24058
-4.35334 -2.23697
-4.35469 -2.23331
-4.35607 -2.22962
-4.35748 -2.22589
-4.35893 -2.22211
-4.3604 -2.2183
-4.36192 -2.21445
-4.36346 -2.21057
-4.36505 -2.20664
-4.36666 -2.20268
-4.36832 -2.19868
-4.37 -2.19464
-4.37173 -2.19056
-4.37349 -2.18645
-4.37529 -2.1823
-4.37713 -2.17811
-4.37901 -2.17389
-4.38092 -2.16963
-4.38288 -2.16534
-4.38487 -2.16101
-4.3869 -2.15665
-4.38898 -2.15225
-4.3911 -2.14782
-4.39326 -2.14335
-4.39546 -2.13885
-4.3977 -2.13432
-4.39999 -2.12975
-4.40232 -2.12515
-4.4047 -2.12052
-4.40712 -2.11585
-4.40958 -2.11116
-4.41209 -2.10643
-4.41465 -2.10168
-4.41726 -2.09689
-4.41991 -2.09207
-4.42261 -2.08723
-4.42536 -2.08235
-4.42816 -2.07745
-4.431 -2.07252
-4.4339 -2.06756
-4.43685 -2.06257
-4.43985 -2.05756
-4.4429 -2.05252
-4.446 -2.04746
-4.44916 -2.04237
-4.45236 -2.03726
-4.45563 -2.03212
-4.45894 -2.02696
-4.46231 -2.02178
-4.46574 -2.01657
-4.46922 -2.01135
-4.47276 -2.0061
-4.47635 -2.00083
-4.48 -1.99555
-4.48371 -1.99024
-4.48748 -1.98492
-4.49131 -1.97958
-4.49519 -1.97422
-4.49914 -1.96884
-4.50314 -1.96345
-4.50721 -1.95805
-4.51134 -1.95263
-4.51552 -1.9472
-4.51977 -1.94176
-4.52409 -1.9363
-4.52846 -1.93084
-4.5329 -1.92536
-4.5374 -1.91988
-4.54197 -1.91439
-4.5466 -1.90888
-4.55129 -1.90338
-4.55605 -1.89787
-4.56088 -1.89235
-4.56577 -1.88683
-4.57073 -1.8813
-4.57575 -1.87578
-4.58084 -1.87025
-4.586 -1.86472
-4.59123 -1.8592
-4.59652 -1.85367
-4.60189 -1.84815
-4.60732 -1.84263
-4.61282 -1.83712
-4.61839 -1.83162
-4.62402 -1.82612
-4.62973 -1.82062
-4.63551 -1.81514
-4.64136 -1.80967
-4.64727 -1.80421
-4.65326 -1.79876
-4.65932 -1.79332
-4.66545 -1.7879
-4.67164 -1.7825
-4.67791 -1.77711
-4.68425 -1.77174
-4.69066 -1.76639
-4.69714 -1.76105
-4.7037 -1.75574
-4.71032 -1.75046
-4.71701 -1.74519
-4.72378 -1.73996
-4.73061 -1.73474
-4.73751 -1.72956
-4.74449 -1.7244
-4.75154 -1.71928
-4.75865 -1.71418
-4.76584 -1.70912
-4.77309 -1.70409
-4.78042 -1.69909
-4.78781 -1.69413
-4.79528 -1.68921
-4.80281 -1.68433
-4.81041 -1.67948
-4.81808 -1.67468
-4.82581 -1.66992
-4.83362 -1.6652
-4.84149 -1.66053
-4.84943 -1.6559
-4.85743 -1.65132
-4.8655 -1.64679
-4.87363 -1.64231
-4.88183 -1.63788
-4.89009 -1.6335
-4.89842 -1.62917
-4.90681 -1.6249
-4.91526 -1.62069
-4.92377 -1.61653
-4.93235 -1.61243
-4.94098 -1.60839
-4.94967 -1.60441
-4.95842 -1.60049
-4.96723 -1.59663
-4.9761 -1.59284
-4.98502 -1.58911
-4.994 -1.58545
-5.00303 -1.58185
-5.01212 -1.57833
-5.02126 -1.57487
-5.03045 -1.57149
-5.03969 -1.56817
-5.04898 -1.56493
-5.05832 -1.56176
-5.06771 -1.55867
-5.07714 -1.55565
-5.08662 -1.55271
-5.09614 -1.54984
-5.10571 -1.54706
-5.11532 -1.54435
-5.12497 -1.54173
-5.13466 -1.53918
-5.14439 -1.53672
-5.15415 -1.53434
-5.16395 -1.53204
-5.17379 -1.52983
-5.18366 -1.5277
-5.19356 -1.52566
-5.20349 -1.52371
-5.21346 -1.52184
-5.22345 -1.52006
-5.23346 -1.51837
-5.24351 -1.51676
-5.25357 -1.51525
-5.26366 -1.51383
-5.27377 -1.5125
-5.2839 -1.51126
-5.29405 -1.51011
-5.30422 -1.50905
-5.3144 -1.50808
-5.32459 -1.50721
-5.3348 -1.50643
-5.34502 -1.50574
-5.35525 -1.50515
-5.36548 -1.50465
-5.37573 -1.50425
