Path for ray(in pc) -7 -7
Points calculated each 200 days for 1000 years.
-2.01839 -4.15557
-2.01855 -4.15609
-2.0187 -4.15661
-2.01886 -4.15712
-2.01902 -4.15764
-2.01918 -4.15815
-2.01934 -4.15866
-2.0195 -4.15916
-2.01966 -4.15966
-2.01982 -4.16016
-2.01999 -4.16066
-2.02015 -4.16115
-2.02031 -4.16164
-2.02048 -4.16213
-2.02064 -4.16261
-2.02081 -4.1631
-2.02098 -4.16357
-2.02114 -4.16405
-2.02131 -4.16452
-2.02148 -4.16499
-2.02165 -4.16546
-2.02182 -4.16592
-2.02199 -4.16638
-2.02216 -4.16684
-2.02233 -4.16729
-2.0225 -4.16774
-2.02268 -4.16819
-2.02285 -4.16864
-2.02303 -4.16908
-2.0232 -4.16952
-2.02338 -4.16995
-2.02355 -4.17039
-2.02373 -4.17081
-2.02391 -4.17124
-2.02408 -4.17166
-2.02426 -4.17208
-2.02444 -4.1725
-2.02462 -4.17291
-2.0248 -4.17332
-2.02498 -4.17373
-2.02517 -4.17413
-2.02535 -4.17453
-2.02553 -4.17492
-2.02571 -4.17532
-2.0259 -4.17571
-2.02608 -4.17609
-2.02627 -4.17648
-2.02645 -4.17685
-2.02664 -4.17723
-2.02683 -4.1776
-2.02702 -4.17797
-2.0272 -4.17834
-2.02739 -4.1787
-2.02758 -4.17906
-2.02777 -4.17941
-2.02796 -4.17976
-2.02815 -4.18011
-2.02835 -4.18045
-2.02854 -4.1808
-2.02873 -4.18113
-2.02892 -4.18147
-2.02912 -4.18179
-2.02931 -4.18212
-2.02951 -4.18244
-2.0297 -4.18276
-2.0299 -4.18308
-2.0301 -4.18339
-2.03029 -4.1837
-2.03049 -4.184
-2.03069 -4.1843
-2.03089 -4.18459
-2.03109 -4.18489
-2.03129 -4.18518
-2.03149 -4.18546
-2.03169 -4.18574
-2.03189 -4.18602
-2.03209 -4.18629
-2.0323 -4.18656
-2.0325 -4.18682
-2.0327 -4.18709
-2.03291 -4.18734
-2.03311 -4.1876
-2.03332 -4.18784
-2.03352 -4.18809
-2.03373 -4.18833
-2.03393 -4.18857
-2.03414 -4.1888
-2.03435 -4.18903
-2.03456 -4.18925
-2.03477 -4.18947
-2.03498 -4.18969
-2.03518 -4.1899
-2.03539 -4.19011
-2.03561 -4.19031
-2.03582 -4.19051
-2.03603 -4.19071
-2.03624 -4.1909
-2.03645 -4.19108
-2.03667 -4.19127
-2.03688 -4.19144
-2.03709 -4.19162
-2.03731 -4.19179
-2.03752 -4.19195
-2.03774 -4.19211
-2.03795 -4.19227
-2.03817 -4.19242
-2.03838 -4.19257
-2.0386 -4.19271
-2.03882 -4.19284
-2.03904 -4.19298
-2.03925 -4.19311
-2.03947 -4.19323
-2.03969 -4.19335
-2.03991 -4.19346
-2.04013 -4.19357
-2.04035 -4.19368
-2.04057 -4.19378
-2.04079 -4.19387
-2.04102 -4.19397
-2.04124 -4.19405
-2.04146 -4.19413
-2.04168 -4.19421
-2.04191 -4.19428
-2.04213 -4.19435
-2.04235 -4.19441
-2.04258 -4.19447
-2.0428 -4.19452
-2.04303 -4.19456
-2.04325 -4.19461
-2.04348 -4.19464
-2.0437 -4.19467
-2.04393 -4.1947
-2.04416 -4.19472
-2.04439 -4.19474
-2.04461 -4.19475
-2.04484 -4.19476
-2.04507 -4.19476
-2.0453 -4.19475
-2.04553 -4.19474
-2.04576 -4.19473
-2.04599 -4.19471
-2.04622 -4.19468
-2.04645 -4.19465
-2.04668 -4.19461
-2.04691 -4.19457
-2.04714 -4.19452
-2.04737 -4.19447
-2.04761 -4.19441
-2.04784 -4.19435
-2.04807 -4.19428
-2.0483 -4.1942
-2.04854 -4.19412
-2.04877 -4.19404
-2.04901 -4.19395
-2.04924 -4.19385
-2.04948 -4.19374
-2.04971 -4.19363
-2.04995 -4.19352
-2.05018 -4.1934
-2.05042 -4.19327
-2.05066 -4.19314
-2.05089 -4.193
-2.05113 -4.19285
-2.05137 -4.1927
-2.05161 -4.19255
-2.05184 -4.19238
-2.05208 -4.19222
-2.05232 -4.19204
-2.05256 -4.19186
-2.0528 -4.19167
-2.05304 -4.19148
-2.05328 -4.19128
-2.05352 -4.19107
-2.05376 -4.19086
-2.054 -4.19064
-2.05424 -4.19042
-2.05448 -4.19019
-2.05472 -4.18995
-2.05497 -4.1897
-2.05521 -4.18945
-2.05545 -4.1892
-2.05569 -4.18893
-2.05594 -4.18866
-2.05618 -4.18838
-2.05642 -4.1881
-2.05667 -4.18781
-2.05691 -4.18751
-2.05716 -4.18721
-2.0574 -4.1869
-2.05765 -4.18658
-2.05789 -4.18626
-2.05814 -4.18592
-2.05838 -4.18559
-2.05863 -4.18524
-2.05888 -4.18489
-2.05912 -4.18453
-2.05937 -4.18416
-2.05962 -4.18379
-2.05987 -4.18341
-2.06012 -4.18302
-2.06036 -4.18262
-2.06061 -4.18222
-2.06086 -4.18181
-2.06111 -4.18139
-2.06136 -4.18097
-2.06161 -4.18053
-2.06186 -4.18009
-2.06211 -4.17965
-2.06236 -4.17919
-2.06261 -4.17873
-2.06287 -4.17826
-2.06312 -4.17778
-2.06337 -4.17729
-2.06362 -4.1768
-2.06388 -4.1763
-2.06413 -4.17579
-2.06438 -4.17527
-2.06464 -4.17475
-2.06489 -4.17421
-2.06515 -4.17367
-2.0654 -4.17312
-2.06566 -4.17257
-2.06591 -4.172
-2.06617 -4.17143
-2.06642 -4.17084
-2.06668 -4.17025
-2.06694 -4.16965
-2.0672 -4.16905
-2.06745 -4.16843
-2.06771 -4.16781
-2.06797 -4.16717
-2.06823 -4.16653
-2.06849 -4.16588
-2.06875 -4.16522
-2.06901 -4.16456
-2.06927 -4.16388
-2.06953 -4.1632
-2.06979 -4.1625
-2.07006 -4.1618
-2.07032 -4.16109
-2.07058 -4.16037
-2.07085 -4.15964
-2.07111 -4.1589
-2.07137 -4.15815
-2.07164 -4.15739
-2.07191 -4.15663
-2.07217 -4.15585
-2.07244 -4.15507
-2.07271 -4.15427
-2.07297 -4.15347
-2.07324 -4.15265
-2.07351 -4.15183
-2.07378 -4.151
-2.07405 -4.15015
-2.07432 -4.1493
-2.07459 -4.14844
-2.07486 -4.14757
-2.07514 -4.14669
-2.07541 -4.14579
-2.07568 -4.14489
-2.07596 -4.14398
-2.07623 -4.14306
-2.07651 -4.14212
-2.07678 -4.14118
-2.07706 -4.14023
-2.07734 -4.13927
-2.07762 -4.13829
-2.0779 -4.13731
-2.07818 -4.13631
-2.07846 -4.13531
-2.07874 -4.13429
-2.07902 -4.13327
-2.07931 -4.13223
-2.07959 -4.13118
-2.07988 -4.13012
-2.08016 -4.12905
-2.08045 -4.12797
-2.08074 -4.12688
-2.08103 -4.12578
-2.08132 -4.12466
-2.08161 -4.12354
-2.0819 -4.1224
-2.08219 -4.12125
-2.08249 -4.12009
-2.08278 -4.11892
-2.08308 -4.11774
-2.08338 -4.11654
-2.08368 -4.11534
-2.08397 -4.11412
-2.08428 -4.11289
-2.08458 -4.11165
-2.08488 -4.11039
-2.08519 -4.10913
-2.08549 -4.10785
-2.0858 -4.10656
-2.08611 -4.10526
-2.08642 -4.10394
-2.08673 -4.10261
-2.08704 -4.10128
-2.08736 -4.09992
-2.08767 -4.09856
-2.08799 -4.09718
-2.08831 -4.09579
-2.08863 -4.09439
-2.08895 -4.09297
-2.08927 -4.09155
-2.0896 -4.0901
-2.08992 -4.08865
-2.09025 -4.08718
-2.09058 -4.0857
-2.09092 -4.08421
-2.09125 -4.0827
-2.09159 -4.08118
-2.09192 -4.07964
-2.09226 -4.0781
-2.09261 -4.07654
-2.09295 -4.07496
-2.0933 -4.07337
-2.09364 -4.07177
-2.09399 -4.07015
-2.09435 -4.06852
-2.0947 -4.06687
-2.09506 -4.06521
-2.09542 -4.06354
-2.09578 -4.06185
-2.09614 -4.06015
-2.09651 -4.05843
-2.09688 -4.0567
-2.09725 -4.05495
-2.09762 -4.05319
-2.098 -4.05142
-2.09838 -4.04963
-2.09876 -4.04782
-2.09915 -4.046
-2.09954 -4.04416
-2.09993 -4.04231
-2.10032 -4.04045
-2.10072 -4.03857
-2.10112 -4.03667
-2.10152 -4.03475
-2.10193 -4.03283
-2.10234 -4.03088
-2.10275 -4.02892
-2.10317 -4.02695
-2.10359 -4.02495
-2.10401 -4.02295
-2.10444 -4.02092
-2.10487 -4.01888
-2.1053 -4.01682
-2.10574 -4.01475
-2.10618 -4.01266
-2.10663 -4.01056
-2.10708 -4.00843
-2.10753 -4.00629
-2.10799 -4.00414
-2.10845 -4.00196
-2.10892 -3.99977
-2.10939 -3.99757
-2.10987 -3.99534
-2.11035 -3.9931
-2.11083 -3.99084
-2.11132 -3.98857
-2.11182 -3.98627
-2.11231 -3.98396
-2.11282 -3.98163
-2.11333 -3.97928
-2.11384 -3.97692
-2.11436 -3.97454
-2.11489 -3.97214
-2.11542 -3.96972
-2.11595 -3.96728
-2.11649 -3.96482
-2.11704 -3.96235
-2.11759 -3.95986
-2.11815 -3.95735
-2.11872 -3.95482
-2.11929 -3.95227
-2.11987 -3.9497
-2.12045 -3.94712
-2.12104 -3.94451
-2.12164 -3.94189
-2.12224 -3.93924
-2.12285 -3.93658
-2.12346 -3.9339
-2.12409 -3.9312
-2.12472 -3.92848
-2.12536 -3.92574
-2.126 -3.92298
-2.12666 -3.9202
-2.12732 -3.9174
-2.12798 -3.91458
-2.12866 -3.91174
-2.12934 -3.90888
-2.13004 -3.906
-2.13074 -3.9031
-2.13145 -3.90018
-2.13216 -3.89724
-2.13289 -3.89428
-2.13362 -3.8913
-2.13437 -3.88829
-2.13512 -3.88527
-2.13588 -3.88223
-2.13666 -3.87916
-2.13744 -3.87608
-2.13823 -3.87297
-2.13903 -3.86984
-2.13984 -3.86669
-2.14066 -3.86352
-2.14149 -3.86033
-2.14233 -3.85712
-2.14319 -3.85388
-2.14405 -3.85063
-2.14492 -3.84735
-2.14581 -3.84405
-2.14671 -3.84073
-2.14761 -3.83738
-2.14853 -3.83402
-2.14947 -3.83063
-2.15041 -3.82722
-2.15137 -3.82379
-2.15234 -3.82034
-2.15332 -3.81686
-2.15431 -3.81336
-2.15532 -3.80984
-2.15634 -3.8063
-2.15737 -3.80274
-2.15842 -3.79915
-2.15948 -3.79554
-2.16056 -3.79191
-2.16165 -3.78825
-2.16275 -3.78457
-2.16387 -3.78087
-2.16501 -3.77715
-2.16615 -3.7734
-2.16732 -3.76963
-2.1685 -3.76584
-2.1697 -3.76202
-2.17091 -3.75819
-2.17214 -3.75432
-2.17338 -3.75044
-2.17464 -3.74653
-2.17592 -3.7426
-2.17722 -3.73865
-2.17853 -3.73467
-2.17986 -3.73067
-2.18121 -3.72665
-2.18258 -3.7226
-2.18396 -3.71853
-2.18537 -3.71444
-2.18679 -3.71033
-2.18823 -3.70619
-2.18969 -3.70202
-2.19118 -3.69784
-2.19268 -3.69363
-2.1942 -3.6894
-2.19574 -3.68514
-2.19731 -3.68087
-2.19889 -3.67657
-2.2005 -3.67224
-2.20213 -3.66789
-2.20378 -3.66352
-2.20545 -3.65913
-2.20715 -3.65471
-2.20887 -3.65027
-2.21061 -3.64581
-2.21237 -3.64133
-2.21416 -3.63682
-2.21598 -3.63229
-2.21781 -3.62774
-2.21968 -3.62316
-2.22156 -3.61856
-2.22348 -3.61394
-2.22542 -3.6093
-2.22738 -3.60463
-2.22937 -3.59994
-2.23139 -3.59523
-2.23344 -3.5905
-2.23551 -3.58575
-2.23761 -3.58097
-2.23974 -3.57617
-2.24189 -3.57136
-2.24408 -3.56651
-2.24629 -3.56165
-2.24854 -3.55677
-2.25081 -3.55187
-2.25311 -3.54694
-2.25545 -3.54199
-2.25781 -3.53703
-2.26021 -3.53204
-2.26263 -3.52703
-2.26509 -3.52201
-2.26758 -3.51696
-2.27011 -3.51189
-2.27266 -3.50681
-2.27525 -3.5017
-2.27788 -3.49657
-2.28053 -3.49143
-2.28323 -3.48627
-2.28595 -3.48108
-2.28871 -3.47588
-2.29151 -3.47067
-2.29434 -3.46543
-2.29721 -3.46018
-2.30012 -3.45491
-2.30306 -3.44962
-2.30604 -3.44432
-2.30906 -3.43899
-2.31211 -3.43366
-2.3152 -3.4283
-2.31834 -3.42294
-2.32151 -3.41755
-2.32472 -3.41215
-2.32797 -3.40674
-2.33126 -3.40131
-2.33459 -3.39587
-2.33796 -3.39041
-2.34137 -3.38495
-2.34483 -3.37946
-2.34832 -3.37397
-2.35186 -3.36846
-2.35544 -3.36295
-2.35907 -3.35742
-2.36273 -3.35188
-2.36644 -3.34633
-2.3702 -3.34077
-2.374 -3.3352
-2.37784 -3.32962
-2.38173 -3.32403
-2.38567 -3.31843
-2.38965 -3.31283
-2.39367 -3.30721
-2.39774 -3.3016
-2.40186 -3.29597
-2.40603 -3.29034
-2.41024 -3.2847
-2.4145 -3.27906
-2.41881 -3.27342
-2.42316 -3.26777
-2.42757 -3.26211
-2.43202 -3.25646
-2.43652 -3.2508
-2.44107 -3.24514
-2.44567 -3.23948
-2.45032 -3.23382
-2.45502 -3.22816
-2.45977 -3.2225
-2.46457 -3.21685
-2.46942 -3.21119
-2.47433 -3.20554
-2.47928 -3.19989
-2.48428 -3.19424
-2.48934 -3.1886
-2.49445 -3.18297
-2.49961 -3.17734
-2.50482 -3.17171
-2.51008 -3.1661
-2.5154 -3.16049
-2.52076 -3.15489
-2.52618 -3.1493
-2.53166 -3.14372
-2.53718 -3.13816
-2.54276 -3.1326
-2.54839 -3.12706
-2.55408 -3.12152
-2.55981 -3.11601
-2.56561 -3.11051
-2.57145 -3.10502
-2.57735 -3.09955
-2.5833 -3.09409
-2.5893 -3.08866
-2.59536 -3.08324
-2.60147 -3.07784
-2.60763 -3.07246
-2.61385 -3.06711
-2.62012 -3.06177
-2.62644 -3.05646
-2.63281 -3.05117
-2.63924 -3.0459
-2.64572 -3.04066
-2.65226 -3.03545
-2.65884 -3.03026
-2.66548 -3.0251
-2.67217 -3.01997
-2.67891 -3.01487
-2.68571 -3.00979
-2.69255 -3.00475
-2.69945 -2.99974
-2.7064 -2.99476
-2.7134 -2.98982
-2.72045 -2.98491
-2.72755 -2.98003
-2.73469 -2.97519
-2.74189 -2.97039
-2.74914 -2.96562
-2.75644 -2.9609
-2.76378 -2.95621
-2.77118 -2.95156
-2.77862 -2.94695
-2.78611 -2.94239
-2.79364 -2.93786
-2.80122 -2.93338
-2.80885 -2.92895
-2.81652 -2.92456
-2.82424 -2.92021
-2.832 -2.91591
-2.83981 -2.91166
-2.84766 -2.90746
-2.85555 -2.9033
-2.86348 -2.8992
-2.87146 -2.89514
-2.87947 -2.89114
-2.88753 -2.88718
-2.89563 -2.88328
-2.90376 -2.87944
-2.91194 -2.87565
-2.92015 -2.87191
-2.9284 -2.86823
-2.93668 -2.8646
-2.945 -2.86103
-2.95336 -2.85752
-2.96174 -2.85406
-2.97017 -2.85067
-2.97862 -2.84733
-2.98711 -2.84405
-2.99562 -2.84084
-3.00417 -2.83768
-3.01275 -2.83459
-3.02135 -2.83156
-3.02998 -2.82859
-3.03864 -2.82568
-3.04732 -2.82284
-3.05603 -2.82007
-3.06476 -2.81735
-3.07352 -2.81471
-3.0823 -2.81212
-3.09109 -2.80961
-3.09991 -2.80716
-3.10875 -2.80478
-3.1176 -2.80246
-3.12648 -2.80021
-3.13537 -2.79803
-3.14427 -2.79592
-3.15319 -2.79388
-3.16212 -2.7919
-3.17107 -2.79
-3.18002 -2.78816
-3.18899 -2.7864
-3.19796 -2.7847
-3.20694 -2.78307
-3.21594 -2.78152
-3.22493 -2.78003
-3.23393 -2.77862
-3.24294 -2.77727
-3.25195 -2.776
-3.26096 -2.77479
-3.26997 -2.77366
-3.27898 -2.7726
-3.28799 -2.77161
-3.297 -2.77069
-3.30601 -2.76984
-3.31501 -2.76906
-3.324 -2.76835
-3.33299 -2.76771
-3.34197 -2.76714
-3.35095 -2.76664
-3.35991 -2.76622
-3.36887 -2.76586
-3.37781 -2.76557
-3.38674 -2.76536
-3.39566 -2.76521
-3.40456 -2.76513
-3.41345 -2.76512
-3.42232 -2.76518
-3.43118 -2.76531
-3.44001 -2.7655
-3.44883 -2.76576
-3.45763 -2.76609
-3.4664 -2.76649
-3.47515 -2.76696
-3.48388 -2.76749
-3.49259 -2.76808
-3.50127 -2.76874
-3.50993 -2.76947
-3.51856 -2.77026
-3.52716 -2.77112
-3.53574 -2.77204
-3.54428 -2.77302
-3.5528 -2.77406
-3.56128 -2.77517
-3.56974 -2.77634
-3.57816 -2.77757
-3.58655 -2.77886
-3.5949 -2.78021
-3.60322 -2.78162
-3.6115 -2.78308
-3.61975 -2.78461
-3.62796 -2.78619
-3.63614 -2.78783
-3.64427 -2.78953
-3.65237 -2.79128
-3.66043 -2.79309
-3.66844 -2.79495
-3.67642 -2.79686
-3.68436 -2.79883
-3.69225 -2.80085
-3.7001 -2.80292
-3.70791 -2.80504
-3.71567 -2.80721
-3.72339 -2.80943
-3.73107 -2.8117
-3.7387 -2.81401
-3.74628 -2.81638
-3.75382 -2.81879
-3.76131 -2.82124
-3.76876 -2.82374
-3.77616 -2.82629
-3.78351 -2.82887
-3.79081 -2.8315
-3.79806 -2.83417
-3.80527 -2.83689
-3.81242 -2.83964
-3.81953 -2.84243
-3.82658 -2.84526
-3.83359 -2.84813
-3.84054 -2.85104
-3.84744 -2.85398
-3.8543 -2.85696
-3.8611 -2.85997
-3.86785 -2.86302
-3.87455 -2.8661
-3.88119 -2.86921
-3.88779 -2.87235
-3.89433 -2.87553
-3.90082 -2.87873
-3.90726 -2.88197
-3.91364 -2.88523
-3.91998 -2.88852
-3.92626 -2.89184
-3.93248 -2.89519
-3.93866 -2.89856
-3.94478 -2.90195
-3.95084 -2.90537
-3.95686 -2.90881
-3.96282 -2.91228
-3.96873 -2.91577
-3.97458 -2.91928
-3.98038 -2.92281
-3.98613 -2.92636
-3.99183 -2.92992
-3.99747 -2.93351
-4.00306 -2.93712
-4.00859 -2.94074
-4.01408 -2.94438
-4.01951 -2.94803
-4.02489 -2.9517
-4.03021 -2.95538
-4.03549 -2.95908
-4.04071 -2.96279
-4.04588 -2.96651
-4.05099 -2.97024
-4.05606 -2.97399
-4.06107 -2.97775
-4.06604 -2.98151
-4.07095 -2.98529
-4.07581 -2.98907
-4.08061 -2.99286
-4.08537 -2.99666
-4.09008 -3.00047
-4.09474 -3.00428
-4.09934 -3.0081
-4.1039 -3.01193
-4.10841 -3.01576
-4.11287 -3.01959
-4.11728 -3.02343
-4.12164 -3.02727
-4.12595 -3.03111
-4.13021 -3.03495
-4.13443 -3.0388
-4.13859 -3.04265
-4.14271 -3.0465
-4.14678 -3.05034
-4.15081 -3.05419
-4.15479 -3.05804
-4.15872 -3.06189
-4.16261 -3.06573
-4.16645 -3.06957
-4.17024 -3.07341
-4.17399 -3.07725
-4.1777 -3.08109
-4.18136 -3.08492
-4.18498 -3.08874
-4.18855 -3.09256
-4.19208 -3.09638
-4.19556 -3.10019
-4.199 -3.104
-4.2024 -3.1078
-4.20576 -3.11159
-4.20908 -3.11538
-4.21235 -3.11916
-4.21559 -3.12293
-4.21878 -3.1267
-4.22193 -3.13045
-4.22504 -3.1342
-4.22811 -3.13794
-4.23114 -3.14167
-4.23414 -3.1454
-4.23709 -3.14911
-4.24 -3.15281
-4.24288 -3.1565
-4.24572 -3.16019
-4.24852 -3.16386
-4.25129 -3.16752
-4.25401 -3.17117
-4.25671 -3.17481
-4.25936 -3.17844
-4.26198 -3.18205
-4.26456 -3.18566
-4.26711 -3.18925
-4.26963 -3.19283
-4.27211 -3.1964
-4.27455 -3.19995
-4.27697 -3.20349
-4.27934 -3.20702
-4.28169 -3.21053
-4.284 -3.21404
-4.28628 -3.21752
-4.28853 -3.221
-4.29075 -3.22446
-4.29293 -3.22791
-4.29509 -3.23134
-4.29721 -3.23476
-4.29931 -3.23816
-4.30137 -3.24155
-4.3034 -3.24492
-4.30541 -3.24828
-4.30738 -3.25162
-4.30933 -3.25495
-4.31125 -3.25827
-4.31314 -3.26157
-4.315 -3.26485
-4.31683 -3.26812
-4.31864 -3.27137
-4.32042 -3.27461
-4.32218 -3.27783
-4.32391 -3.28103
-4.32561 -3.28422
-4.32728 -3.28739
-4.32894 -3.29055
-4.33056 -3.29369
-4.33216 -3.29681
-4.33374 -3.29992
-4.33529 -3.30302
-4.33682 -3.30609
-4.33833 -3.30915
-4.33981 -3.31219
-4.34127 -3.31522
-4.34271 -3.31823
-4.34412 -3.32122
-4.34551 -3.3242
-4.34688 -3.32716
-4.34823 -3.3301
-4.34956 -3.33303
-4.35087 -3.33594
-4.35215 -3.33884
-4.35342 -3.34171
-4.35466 -3.34457
-4.35589 -3.34742
-4.35709 -3.35025
-4.35828 -3.35306
-4.35944 -3.35585
-4.36059 -3.35863
-4.36172 -3.36139
-4.36283 -3.36413
-4.36392 -3.36686
-4.365 -3.36957
-4.36605 -3.37226
-4.36709 -3.37494
-4.36811 -3.3776
-4.36912 -3.38024
-4.37011 -3.38287
-4.37108 -3.38548
-4.37203 -3.38807
-4.37297 -3.39065
-4.37389 -3.39321
-4.3748 -3.39575
-4.37569 -3.39828
-4.37657 -3.40079
-4.37743 -3.40329
-4.37828 -3.40577
-4.37911 -3.40823
-4.37993 -3.41068
-4.38073 -3.41311
-4.38152 -3.41552
-4.3823 -3.41792
-4.38306 -3.4203
-4.38381 -3.42266
-4.38454 -3.42501
-4.38526 -3.42735
-4.38597 -3.42966
-4.38667 -3.43196
-4.38736 -3.43425
-4.38803 -3.43652
-4.38869 -3.43877
-4.38934 -3.44101
-4.38997 -3.44323
-4.3906 -3.44544
-4.39121 -3.44763
-4.39181 -3.44981
-4.39241 -3.45197
-4.39299 -3.45411
-4.39356 -3.45624
-4.39412 -3.45836
-4.39466 -3.46046
-4.3952 -3.46254
-4.39573 -3.46461
-4.39625 -3.46666
-4.39676 -3.4687
-4.39726 -3.47072
-4.39775 -3.47273
-4.39823 -3.47473
-4.3987 -3.47671
-4.39917 -3.47867
-4.39962 -3.48062
-4.40007 -3.48256
-4.4005 -3.48448
-4.40093 -3.48639
-4.40135 -3.48828
-4.40176 -3.49016
-4.40217 -3.49202
-4.40256 -3.49387
-4.40295 -3.49571
-4.40333 -3.49753
-4.40371 -3.49934
-4.40407 -3.50113
-4.40443 -3.50291
-4.40479 -3.50468
-4.40513 -3.50643
-4.40547 -3.50817
-4.4058 -3.50989
-4.40613 -3.5116
-4.40644 -3.5133
-4.40676 -3.51499
-4.40706 -3.51666
-4.40736 -3.51832
-4.40766 -3.51996
-4.40794 -3.5216
-4.40823 -3.52322
-4.4085 -3.52482
-4.40877 -3.52642
-4.40904 -3.528
-4.4093 -3.52957
-4.40955 -3.53112
-4.4098 -3.53266
-4.41005 -3.53419
-4.41029 -3.53571
-4.41052 -3.53722
-4.41075 -3.53871
-4.41098 -3.54019
-4.4112 -3.54166
-4.41142 -3.54312
-4.41163 -3.54456
-4.41184 -3.54599
-4.41204 -3.54741
-4.41224 -3.54882
-4.41244 -3.55022
-4.41263 -3.55161
-4.41282 -3.55298
-4.413 -3.55434
-4.41318 -3.55569
-4.41336 -3.55703
-4.41353 -3.55836
-4.4137 -3.55968
-4.41387 -3.56098
-4.41403 -3.56227
-4.41419 -3.56356
-4.41435 -3.56483
-4.4145 -3.56609
-4.41466 -3.56734
-4.4148 -3.56858
-4.41495 -3.56981
-4.41509 -3.57103
-4.41523 -3.57223
-4.41537 -3.57343
-4.41551 -3.57462
-4.41564 -3.57579
-4.41577 -3.57696
-4.4159 -3.57811
-4.41602 -3.57926
-4.41615 -3.58039
-4.41627 -3.58151
-4.41639 -3.58263
-4.4165 -3.58373
-4.41662 -3.58483
-4.41673 -3.58591
-4.41685 -3.58699
-4.41696 -3.58805
-4.41706 -3.58911
-4.41717 -3.59015
-4.41728 -3.59119
-4.41738 -3.59221
-4.41748 -3.59323
-4.41759 -3.59424
-4.41769 -3.59524
-4.41778 -3.59623
-4.41788 -3.59721
-4.41798 -3.59818
-4.41807 -3.59914
-4.41817 -3.60009
-4.41826 -3.60104
-4.41835 -3.60197
-4.41844 -3.6029
-4.41853 -3.60381
-4.41862 -3.60472
-4.41871 -3.60562
-4.4188 -3.60651
-4.41889 -3.60739
-4.41898 -3.60827
-4.41906 -3.60913
-4.41915 -3.60999
-4.41924 -3.61084
-4.41932 -3.61168
-4.41941 -3.61251
-4.41949 -3.61334
-4.41957 -3.61415
-4.41966 -3.61496
-4.41974 -3.61576
-4.41983 -3.61655
-4.41991 -3.61734
-4.41999 -3.61811
-4.42008 -3.61888
-4.42016 -3.61964
-4.42025 -3.62039
-4.42033 -3.62114
-4.42041 -3.62188
-4.4205 -3.62261
-4.42058 -3.62333
-4.42067 -3.62405
-4.42075 -3.62475
-4.42084 -3.62545
-4.42092 -3.62615
-4.42101 -3.62683
-4.4211 -3.62751
-4.42118 -3.62818
-4.42127 -3.62885
-4.42136 -3.62951
-4.42145 -3.63016
-4.42154 -3.6308
-4.42163 -3.63144
-4.42172 -3.63207
-4.42181 -3.63269
-4.4219 -3.63331
-4.42199 -3.63392
-4.42209 -3.63452
-4.42218 -3.63512
-4.42228 -3.63571
-4.42238 -3.63629
-4.42247 -3.63687
-4.42257 -3.63744
-4.42267 -3.638
-4.42277 -3.63856
-4.42287 -3.63911
-4.42298 -3.63966
-4.42308 -3.6402
-4.42319 -3.64073
-4.42329 -3.64126
-4.4234 -3.64178
-4.42351 -3.64229
-4.42362 -3.6428
-4.42373 -3.6433
-4.42384 -3.6438
-4.42396 -3.64429
-4.42407 -3.64478
-4.42419 -3.64526
-4.42431 -3.64573
-4.42443 -3.6462
-4.42455 -3.64666
-4.42467 -3.64712
-4.4248 -3.64757
-4.42492 -3.64802
-4.42505 -3.64846
-4.42518 -3.64889
-4.42531 -3.64932
-4.42544 -3.64974
-4.42558 -3.65016
-4.42571 -3.65058
-4.42585 -3.65099
-4.42599 -3.65139
-4.42613 -3.65179
-4.42627 -3.65218
-4.42642 -3.65257
-4.42657 -3.65295
-4.42672 -3.65333
-4.42687 -3.6537
-4.42702 -3.65407
-4.42717 -3.65443
-4.42733 -3.65479
-4.42749 -3.65514
-4.42765 -3.65549
-4.42781 -3.65583
-4.42798 -3.65617
-4.42814 -3.65651
-4.42831 -3.65684
-4.42848 -3.65716
-4.42866 -3.65748
-4.42883 -3.6578
-4.42901 -3.65811
-4.42919 -3.65842
-4.42937 -3.65872
-4.42956 -3.65902
-4.42974 -3.65931
-4.42993 -3.6596
-4.43012 -3.65988
-4.43032 -3.66016
-4.43051 -3.66044
-4.43071 -3.66071
-4.43091 -3.66098
-4.43112 -3.66124
-4.43132 -3.6615
-4.43153 -3.66176
-4.43174 -3.66201
-4.43195 -3.66226
-4.43217 -3.6625
-4.43239 -3.66274
-4.43261 -3.66298
-4.43283 -3.66321
-4.43306 -3.66344
-4.43329 -3.66366
-4.43352 -3.66388
-4.43375 -3.6641
-4.43399 -3.66431
-4.43423 -3.66452
-4.43447 -3.66473
-4.43471 -3.66493
-4.43496 -3.66513
-4.43521 -3.66532
-4.43546 -3.66551
-4.43572 -3.6657
-4.43598 -3.66588
-4.43624 -3.66606
-4.43651 -3.66624
-4.43677 -3.66642
-4.43704 -3.66659
-4.43732 -3.66675
-4.43759 -3.66692
-4.43787 -3.66708
-4.43815 -3.66723
-4.43844 -3.66739
-4.43873 -3.66754
-4.43902 -3.66769
-4.43931 -3.66783
-4.43961 -3.66797
-4.43991 -3.66811
-4.44021 -3.66824
-4.44052 -3.66838
-4.44083 -3.66851
-4.44114 -3.66863
-4.44146 -3.66875
-4.44178 -3.66887
-4.4421 -3.66899
-4.44243 -3.66911
-4.44275 -3.66922
-4.44309 -3.66933
-4.44342 -3.66943
-4.44376 -3.66953
-4.4441 -3.66963
-4.44445 -3.66973
-4.4448 -3.66983
-4.44515 -3.66992
-4.4455 -3.67001
-4.44586 -3.67009
-4.44623 -3.67018
-4.44659 -3.67026
-4.44696 -3.67034
-4.44733 -3.67041
-4.44771 -3.67049
-4.44809 -3.67056
-4.44847 -3.67063
-4.44886 -3.67069
-4.44925 -3.67076
-4.44964 -3.67082
-4.45004 -3.67088
-4.45044 -3.67094
-4.45085 -3.67099
-4.45126 -3.67104
-4.45167 -3.67109
-4.45208 -3.67114
-4.4525 -3.67119
-4.45293 -3.67123
-4.45335 -3.67127
-4.45378 -3.67131
-4.45422 -3.67135
-4.45466 -3.67138
-4.4551 -3.67141
-4.45555 -3.67144
-4.456 -3.67147
-4.45645 -3.6715
-4.45691 -3.67152
-4.45737 -3.67155
-4.45783 -3.67157
-4.4583 -3.67159
-4.45878 -3.6716
-4.45925 -3.67162
-4.45974 -3.67163
-4.46022 -3.67164
-4.46071 -3.67165
-4.4612 -3.67166
-4.4617 -3.67166
-4.4622 -3.67167
-4.46271 -3.67167
-4.46322 -3.67167
-4.46373 -3.67167
-4.46425 -3.67167
-4.46478 -3.67166
-4.4653 -3.67166
-4.46583 -3.67165
-4.46637 -3.67164
-4.46691 -3.67163
-4.46745 -3.67162
-4.468 -3.6716
-4.46855 -3.67159
-4.46911 -3.67157
-4.46967 -3.67155
-4.47024 -3.67153
-4.47081 -3.67151
-4.47138 -3.67149
-4.47196 -3.67146
-4.47254 -3.67144
-4.47313 -3.67141
-4.47372 -3.67138
-4.47432 -3.67136
-4.47492 -3.67132
-4.47553 -3.67129
-4.47614 -3.67126
-4.47676 -3.67123
-4.47738 -3.67119
-4.478 -3.67115
-4.47863 -3.67112
-4.47926 -3.67108
-4.4799 -3.67104
-4.48055 -3.671
-4.4812 -3.67096
-4.48185 -3.67091
-4.48251 -3.67087
-4.48317 -3.67082
-4.48384 -3.67078
-4.48451 -3.67073
-4.48519 -3.67068
-4.48587 -3.67064
-4.48656 -3.67059
-4.48725 -3.67054
-4.48795 -3.67048
-4.48865 -3.67043
-4.48936 -3.67038
-4.49007 -3.67033
-4.49079 -3.67027
-4.49151 -3.67022
-4.49224 -3.67016
-4.49297 -3.6701
-4.49371 -3.67005
-4.49445 -3.66999
-4.4952 -3.66993
-4.49596 -3.66987
-4.49672 -3.66981
-4.49748 -3.66975
-4.49825 -3.66969
-4.49903 -3.66963
-4.49981 -3.66957
-4.5006 -3.66951
-4.50139 -3.66944
-4.50218 -3.66938
-4.50299 -3.66932
-4.5038 -3.66925
-4.50461 -3.66919
-4.50543 -3.66913
-4.50625 -3.66906
-4.50709 -3.669
-4.50792 -3.66893
-4.50876 -3.66887
-4.50961 -3.6688
-4.51047 -3.66873
-4.51132 -3.66867
-4.51219 -3.6686
-4.51306 -3.66853
-4.51394 -3.66847
-4.51482 -3.6684
-4.51571 -3.66833
-4.5166 -3.66827
-4.5175 -3.6682
-4.51841 -3.66813
-4.51932 -3.66807
-4.52024 -3.668
-4.52117 -3.66793
-4.5221 -3.66787
-4.52303 -3.6678
-4.52398 -3.66773
-4.52493 -3.66767
-4.52588 -3.6676
-4.52685 -3.66754
-4.52781 -3.66747
-4.52879 -3.66741
-4.52977 -3.66734
-4.53076 -3.66728
-4.53175 -3.66721
-4.53275 -3.66715
-4.53376 -3.66708
-4.53477 -3.66702
-4.53579 -3.66696
-4.53682 -3.6669
-4.53785 -3.66684
-4.53889 -3.66677
-4.53994 -3.66671
-4.54099 -3.66665
-4.54205 -3.66659
-4.54312 -3.66654
-4.54419 -3.66648
-4.54527 -3.66642
-4.54636 -3.66636
-4.54745 -3.66631
-4.54855 -3.66625
-4.54966 -3.6662
-4.55078 -3.66614
-4.5519 -3.66609
-4.55303 -3.66604
-4.55417 -3.66599
-4.55531 -3.66594
-4.55646 -3.66589
-4.55762 -3.66584
-4.55879 -3.66579
-4.55996 -3.66575
-4.56114 -3.6657
-4.56233 -3.66566
-4.56353 -3.66562
-4.56473 -3.66558
-4.56594 -3.66554
-4.56716 -3.6655
-4.56838 -3.66546
-4.56962 -3.66542
-4.57086 -3.66539
-4.57211 -3.66535
-4.57336 -3.66532
-4.57463 -3.66529
-4.5759 -3.66526
-4.57718 -3.66523
-4.57847 -3.66521
-4.57977 -3.66518
-4.58107 -3.66516
-4.58238 -3.66514
-4.58371 -3.66512
-4.58503 -3.6651
-4.58637 -3.66508
-4.58772 -3.66507
-4.58907 -3.66506
-4.59043 -3.66505
-4.5918 -3.66504
-4.59318 -3.66503
-4.59457 -3.66502
-4.59597 -3.66502
-4.59737 -3.66502
-4.59879 -3.66502
-4.60021 -3.66502
-4.60164 -3.66503
-4.60308 -3.66504
-4.60453 -3.66505
-4.60598 -3.66506
-4.60745 -3.66507
-4.60893 -3.66509
-4.61041 -3.66511
-4.61191 -3.66513
-4.61341 -3.66516
-4.61492 -3.66518
-4.61644 -3.66521
-4.61797 -3.66524
-4.61951 -3.66528
-4.62106 -3.66532
-4.62262 -3.66536
-4.62419 -3.6654
-4.62577 -3.66544
-4.62735 -3.66549
-4.62895 -3.66555
-4.63056 -3.6656
-4.63218 -3.66566
-4.6338 -3.66572
-4.63544 -3.66578
-4.63709 -3.66585
-4.63874 -3.66592
-4.64041 -3.66599
-4.64209 -3.66607
-4.64377 -3.66615
-4.64547 -3.66624
-4.64718 -3.66632
-4.6489 -3.66642
-4.65063 -3.66651
-4.65236 -3.66661
-4.65411 -3.66671
-4.65588 -3.66682
-4.65765 -3.66693
-4.65943 -3.66704
-4.66122 -3.66716
-4.66302 -3.66728
-4.66484 -3.66741
-4.66666 -3.66754
-4.6685 -3.66767
-4.67035 -3.66781
-4.67221 -3.66796
-4.67408 -3.6681
-4.67596 -3.66826
-4.67785 -3.66841
-4.67976 -3.66858
-4.68168 -3.66874
-4.6836 -3.66891
-4.68554 -3.66909
-4.68749 -3.66927
-4.68946 -3.66946
-4.69143 -3.66965
-4.69342 -3.66984
-4.69542 -3.67005
-4.69743 -3.67025
-4.69946 -3.67046
-4.70149 -3.67068
-4.70354 -3.67091
-4.7056 -3.67113
-4.70767 -3.67137
-4.70976 -3.67161
-4.71186 -3.67186
-4.71397 -3.67211
-4.71609 -3.67237
-4.71823 -3.67263
-4.72038 -3.6729
-4.72255 -3.67318
-4.72472 -3.67346
-4.72691 -3.67375
-4.72911 -3.67405
-4.73133 -3.67435
-4.73356 -3.67466
-4.7358 -3.67498
-4.73806 -3.6753
-4.74033 -3.67563
-4.74262 -3.67597
-4.74491 -3.67631
-4.74723 -3.67667
-4.74955 -3.67703
-4.75189 -3.6774
-4.75425 -3.67777
-4.75662 -3.67815
-4.759 -3.67855
-4.7614 -3.67895
-4.76381 -3.67935
-4.76624 -3.67977
-4.76868 -3.68019
-4.77114 -3.68063
-4.77361 -3.68107
-4.7761 -3.68152
-4.7786 -3.68198
-4.78112 -3.68245
-4.78365 -3.68292
-4.7862 -3.68341
-4.78876 -3.68391
-4.79134 -3.68441
-4.79394 -3.68493
-4.79655 -3.68545
-4.79917 -3.68599
-4.80182 -3.68653
-4.80448 -3.68709
-4.80715 -3.68765
-4.80984 -3.68823
-4.81255 -3.68882
-4.81528 -3.68941
-4.81802 -3.69002
-4.82077 -3.69064
-4.82355 -3.69128
-4.82634 -3.69192
-4.82915 -3.69257
-4.83197 -3.69324
-4.83482 -3.69392
-4.83768 -3.69461
-4.84055 -3.69531
-4.84345 -3.69603
-4.84636 -3.69676
-4.84929 -3.6975
-4.85224 -3.69825
-4.8552 -3.69902
-4.85819 -3.6998
-4.86119 -3.70059
-4.86421 -3.7014
-4.86725 -3.70222
-4.87031 -3.70306
-4.87338 -3.70391
-4.87648 -3.70478
-4.87959 -3.70566
-4.88272 -3.70656
-4.88588 -3.70747
-4.88905 -3.70839
-4.89224 -3.70934
-4.89544 -3.71029
-4.89867 -3.71127
-4.90192 -3.71226
-4.90519 -3.71327
-4.90848 -3.71429
-4.91178 -3.71533
-4.91511 -3.71639
-4.91846 -3.71747
-4.92183 -3.71857
-4.92521 -3.71968
-4.92862 -3.72081
-4.93205 -3.72196
-4.9355 -3.72313
-4.93897 -3.72432
-4.94246 -3.72553
-4.94597 -3.72676
-4.94951 -3.728
-4.95306 -3.72927
-4.95664 -3.73056
-4.96024 -3.73187
-4.96385 -3.73321
-4.96749 -3.73456
-4.97116 -3.73594
-4.97484 -3.73733
-4.97855 -3.73875
-4.98227 -3.7402
-4.98602 -3.74167
-4.9898 -3.74316
-4.99359 -3.74467
-4.99741 -3.74621
-5.00125 -3.74777
-5.00511 -3.74936
-5.00899 -3.75098
-5.0129 -3.75262
-5.01683 -3.75429
-5.02079 -3.75598
-5.02476 -3.7577
-5.02876 -3.75945
-5.03279 -3.76122
-5.03683 -3.76303
-5.0409 -3.76486
-5.04499 -3.76672
-5.04911 -3.76861
-5.05325 -3.77053
-5.05742 -3.77249
-5.0616 -3.77447
-5.06582 -3.77648
-5.07005 -3.77853
-5.07431 -3.78061
-5.0786 -3.78272
-5.0829 -3.78486
-5.08724 -3.78704
-5.09159 -3.78925
-5.09597 -3.7915
-5.10038 -3.79378
-5.10481 -3.7961
-5.10926 -3.79845
-5.11374 -3.80085
-5.11824 -3.80328
-5.12277 -3.80574
-5.12732 -3.80825
-5.1319 -3.81079
-5.1365 -3.81338
-5.14113 -3.816
-5.14578 -3.81867
-5.15045 -3.82138
-5.15515 -3.82413
-5.15988 -3.82692
-5.16462 -3.82976
-5.1694 -3.83264
-5.1742 -3.83556
-5.17902 -3.83853
-5.18386 -3.84155
-5.18873 -3.84461
-5.19363 -3.84772
-5.19855 -3.85088
-5.20349 -3.85409
-5.20846 -3.85735
-5.21345 -3.86066
-5.21847 -3.86402
-5.22351 -3.86743
-5.22857 -3.87089
-5.23366 -3.87441
-5.23877 -3.87799
-5.2439 -3.88161
-5.24906 -3.8853
-5.25423 -3.88904
-5.25944 -3.89283
-5.26466 -3.89669
-5.26991 -3.90061
-5.27518 -3.90458
-5.28047 -3.90862
-5.28578 -3.91272
-5.29111 -3.91688
-5.29647 -3.92111
-5.30185 -3.9254
-5.30724 -3.92975
-5.31266 -3.93417
-5.3181 -3.93866
-5.32355 -3.94322
-5.32903 -3.94785
-5.33452 -3.95255
-5.34004 -3.95732
-5.34557 -3.96216
-5.35112 -3.96708
-5.35668 -3.97207
-5.36227 -3.97714
-5.36787 -3.98228
-5.37348 -3.98751
-5.37911 -3.99281
-5.38475 -3.99819
-5.39041 -4.00365
-5.39609 -4.00919
-5.40177 -4.01482
-5.40747 -4.02054
-5.41318 -4.02633
-5.41889 -4.03222
-5.42462 -4.03819
-5.43036 -4.04426
-5.43611 -4.05041
-5.44186 -4.05666
-5.44763 -4.06299
-5.45339 -4.06943
-5.45916 -4.07595
-5.46494 -4.08258
-5.47072 -4.0893
-5.4765 -4.09612
-5.48229 -4.10305
-5.48807 -4.11007
-5.49385 -4.1172
-5.49963 -4.12443
-5.5054 -4.13176
-5.51117 -4.13921
-5.51694 -4.14676
-5.5227 -4.15442
-5.52845 -4.16219
-5.53419 -4.17008
-5.53991 -4.17807
-5.54563 -4.18618
-5.55133 -4.19441
-5.55701 -4.20276
-5.56268 -4.21122
-5.56832 -4.2198
-5.57395 -4.22851
-5.57955 -4.23733
-5.58513 -4.24628
-5.59068 -4.25536
-5.5962 -4.26456
-5.60169 -4.27389
-5.60715 -4.28334
-5.61258 -4.29293
-5.61796 -4.30265
-5.62331 -4.3125
-5.62862 -4.32248
-5.63388 -4.3326
-5.6391 -4.34285
-5.64427 -4.35324
-5.64939 -4.36376
-5.65445 -4.37443
-5.65946 -4.38523
-5.66441 -4.39618
-5.66929 -4.40726
-5.67412 -4.41849
-5.67887 -4.42987
-5.68356 -4.44138
-5.68817 -4.45304
-5.6927 -4.46485
-5.69716 -4.4768
-5.70153 -4.4889
-5.70582 -4.50115
-5.71001 -4.51354
-5.71412 -4.52608
-5.71812 -4.53877
-5.72203 -4.55161
-5.72584 -4.5646
-5.72953 -4.57774
-5.73312 -4.59103
-5.73659 -4.60446
-5.73994 -4.61805
-5.74317 -4.63179
-5.74627 -4.64567
-5.74925 -4.6597
-5.75208 -4.67388
-5.75478 -4.68821
-5.75734 -4.70268
-5.75975 -4.7173
-5.762 -4.73207
-5.76411 -4.74698
-5.76605 -4.76203
-5.76782 -4.77722
-5.76943 -4.79256
-5.77086 -4.80803
-5.77212 -4.82364
-5.77319 -4.83938
-5.77407 -4.85526
-5.77477 -4.87127
-5.77526 -4.88741
-5.77556 -4.90368
-5.77564 -4.92007
-5.77552 -4.93659
-5.77518 -4.95322
-5.77463 -4.96997
-5.77385 -4.98683
-5.77283 -5.0038
-5.77159 -5.02087
-5.77011 -5.03805
-5.76838 -5.05533
-5.76641 -5.0727
-5.76419 -5.09016
-5.7617 -5.10771
-5.75896 -5.12534
-5.75596 -5.14305
-5.75269 -5.16083
-5.74914 -5.17867
-5.74532 -5.19658
-5.74121 -5.21455
-5.73683 -5.23256
-5.73215 -5.25062
-5.72718 -5.26872
-5.72192 -5.28685
-5.71636 -5.30501
-5.7105 -5.32318
-5.70434 -5.34137
-5.69787 -5.35957
-5.69109 -5.37777
-5.684 -5.39596
-5.67659 -5.41414
-5.66887 -5.43229
-5.66083 -5.45041
-5.65247 -5.4685
-5.64379 -5.48655
-5.63479 -5.50454
-5.62547 -5.52247
-5.61583 -5.54033
-5.60586 -5.55811
-5.59557 -5.57581
-5.58495 -5.59342
-5.57401 -5.61093
-5.56275 -5.62832
-5.55117 -5.6456
-5.53927 -5.66275
-5.52704 -5.67977
-5.51451 -5.69664
-5.50165 -5.71336
-5.48849 -5.72992
-5.47501 -5.74631
-5.46123 -5.76253
-5.44715 -5.77856
-5.43276 -5.79439
-5.41808 -5.81003
-5.40311 -5.82545
-5.38785 -5.84066
-5.3723 -5.85564
-5.35648 -5.87038
-5.34039 -5.88489
-5.32403 -5.89915
-5.3074 -5.91315
-5.29053 -5.92689
-5.2734 -5.94036
-5.25603 -5.95355
-5.23842 -5.96647
-5.22059 -5.97909
-5.20253 -5.99142
-5.18426 -6.00345
-5.16578 -6.01517
-5.14711 -6.02658
-5.12824 -6.03767
-5.10919 -6.04845
-5.08997 -6.0589
-5.07058 -6.06902
-5.05103 -6.0788
-5.03133 -6.08825
-5.01149 -6.09736
-4.99152 -6.10613
-4.97143 -6.11455
-4.95123 -6.12262
-4.93092 -6.13034
-4.91052 -6.13771
-4.89003 -6.14473
-4.86946 -6.15139
-4.84882 -6.1577
-4.82813 -6.16365
-4.80738 -6.16925
-4.7866 -6.17449
-4.76578 -6.17937
-4.74494 -6.18391
-4.72408 -6.18808
-4.70322 -6.19191
-4.68236 -6.19538
-4.66152 -6.19851
-4.64069 -6.20129
-4.61989 -6.20372
-4.59913 -6.20582
-4.57842 -6.20757
-4.55775 -6.20899
-4.53715 -6.21008
-4.51661 -6.21083
-4.49615 -6.21126
-4.47577 -6.21137
-4.45548 -6.21117
-4.43528 -6.21065
-4.41519 -6.20982
-4.39521 -6.20868
-4.37534 -6.20725
-4.35559 -6.20552
-4.33596 -6.20351
-4.31647 -6.20121
-4.29712 -6.19863
-4.27791 -6.19577
-4.25885 -6.19265
-4.23994 -6.18927
-4.22118 -6.18563
-4.20259 -6.18174
-4.18416 -6.1776
-4.1659 -6.17322
-4.14781 -6.16861
-4.1299 -6.16377
-4.11216 -6.15871
-4.09461 -6.15343
-4.07724 -6.14794
-4.06006 -6.14225
-4.04307 -6.13636
-4.02627 -6.13027
-4.00967 -6.124
-3.99326 -6.11755
-3.97704 -6.11092
-3.96103 -6.10412
-3.94521 -6.09716
-3.9296 -6.09004
-3.91418 -6.08277
-3.89897 -6.07535
-3.88397 -6.06778
