Path for ray(in pc) -7 -4
Points calculated each 200 days for 1000 years.
0.88746 -2.51215
0.889704 -2.51335
0.891956 -2.51456
0.894215 -2.51578
0.896483 -2.517
0.89876 -2.51823
0.901044 -2.51946
0.903336 -2.5207
0.905637 -2.52195
0.907946 -2.52321
0.910264 -2.52447
0.912589 -2.52574
0.914924 -2.52701
0.917266 -2.5283
0.919617 -2.52959
0.921977 -2.53088
0.924345 -2.53219
0.926722 -2.5335
0.929108 -2.53482
0.931502 -2.53615
0.933905 -2.53748
0.936317 -2.53883
0.938738 -2.54018
0.941168 -2.54154
0.943606 -2.5429
0.946054 -2.54428
0.948511 -2.54566
0.950976 -2.54705
0.953451 -2.54845
0.955935 -2.54986
0.958428 -2.55127
0.96093 -2.5527
0.963442 -2.55413
0.965963 -2.55557
0.968493 -2.55702
0.971033 -2.55848
0.973582 -2.55995
0.976141 -2.56143
0.978709 -2.56291
0.981287 -2.56441
0.983874 -2.56591
0.986472 -2.56743
0.989078 -2.56895
0.991695 -2.57049
0.994322 -2.57203
0.996958 -2.57359
0.999604 -2.57515
1.00226 -2.57672
1.00493 -2.57831
1.0076 -2.5799
1.01029 -2.5815
1.01299 -2.58312
1.01569 -2.58474
1.01841 -2.58638
1.02114 -2.58803
1.02387 -2.58968
1.02662 -2.59135
1.02938 -2.59303
1.03215 -2.59472
1.03493 -2.59642
1.03772 -2.59814
1.04052 -2.59986
1.04333 -2.6016
1.04615 -2.60335
1.04898 -2.60511
1.05182 -2.60688
1.05468 -2.60867
1.05754 -2.61046
1.06042 -2.61227
1.0633 -2.61409
1.0662 -2.61593
1.06911 -2.61778
1.07203 -2.61964
1.07496 -2.62151
1.0779 -2.6234
1.08086 -2.6253
1.08382 -2.62721
1.0868 -2.62913
1.08978 -2.63107
1.09278 -2.63303
1.09579 -2.635
1.09881 -2.63698
1.10184 -2.63898
1.10489 -2.64099
1.10794 -2.64301
1.11101 -2.64505
1.11409 -2.64711
1.11718 -2.64918
1.12029 -2.65126
1.1234 -2.65336
1.12653 -2.65548
1.12967 -2.65761
1.13282 -2.65976
1.13598 -2.66192
1.13915 -2.6641
1.14234 -2.66629
1.14554 -2.66851
1.14875 -2.67073
1.15197 -2.67298
1.15521 -2.67524
1.15846 -2.67752
1.16172 -2.67982
1.16499 -2.68213
1.16827 -2.68446
1.17157 -2.68681
1.17488 -2.68918
1.1782 -2.69157
1.18154 -2.69397
1.18488 -2.69639
1.18824 -2.69883
1.19162 -2.70129
1.195 -2.70377
1.1984 -2.70627
1.20181 -2.70879
1.20524 -2.71133
1.20867 -2.71388
1.21212 -2.71646
1.21559 -2.71906
1.21906 -2.72168
1.22255 -2.72432
1.22605 -2.72698
1.22957 -2.72966
1.23309 -2.73236
1.23664 -2.73509
1.24019 -2.73783
1.24376 -2.7406
1.24734 -2.74339
1.25093 -2.7462
1.25454 -2.74904
1.25816 -2.7519
1.26179 -2.75478
1.26544 -2.75768
1.2691 -2.76061
1.27278 -2.76357
1.27646 -2.76654
1.28016 -2.76954
1.28388 -2.77257
1.28761 -2.77562
1.29135 -2.7787
1.2951 -2.7818
1.29887 -2.78493
1.30265 -2.78808
1.30645 -2.79126
1.31026 -2.79446
1.31408 -2.7977
1.31792 -2.80096
1.32177 -2.80424
1.32563 -2.80756
1.32951 -2.8109
1.3334 -2.81427
1.33731 -2.81767
1.34122 -2.8211
1.34516 -2.82456
1.3491 -2.82805
1.35306 -2.83156
1.35704 -2.83511
1.36102 -2.83869
1.36502 -2.84229
1.36904 -2.84593
1.37307 -2.8496
1.37711 -2.8533
1.38116 -2.85704
1.38523 -2.8608
1.38932 -2.8646
1.39341 -2.86843
1.39752 -2.8723
1.40165 -2.8762
1.40578 -2.88013
1.40993 -2.88409
1.4141 -2.8881
1.41828 -2.89213
1.42247 -2.8962
1.42667 -2.90031
1.43089 -2.90446
1.43512 -2.90864
1.43937 -2.91286
1.44363 -2.91711
1.4479 -2.9214
1.45218 -2.92574
1.45648 -2.93011
1.46079 -2.93451
1.46512 -2.93896
1.46945 -2.94345
1.4738 -2.94798
1.47817 -2.95255
1.48254 -2.95716
1.48693 -2.96181
1.49133 -2.9665
1.49574 -2.97124
1.50017 -2.97602
1.50461 -2.98084
1.50906 -2.98571
1.51352 -2.99062
1.518 -2.99557
1.52249 -3.00057
1.52699 -3.00562
1.5315 -3.01071
1.53602 -3.01585
1.54055 -3.02104
1.5451 -3.02627
1.54966 -3.03155
1.55423 -3.03689
1.55881 -3.04227
1.5634 -3.04769
1.568 -3.05318
1.57261 -3.05871
1.57724 -3.06429
1.58187 -3.06992
1.58651 -3.07561
1.59117 -3.08135
1.59583 -3.08714
1.60051 -3.09299
1.60519 -3.09889
1.60988 -3.10485
1.61458 -3.11086
1.61929 -3.11693
1.62401 -3.12306
1.62874 -3.12924
1.63348 -3.13549
1.63822 -3.14179
1.64297 -3.14815
1.64773 -3.15457
1.6525 -3.16106
1.65728 -3.1676
1.66206 -3.17421
1.66684 -3.18088
1.67164 -3.18761
1.67644 -3.1944
1.68124 -3.20127
1.68606 -3.20819
1.69087 -3.21519
1.69569 -3.22225
1.70052 -3.22937
1.70535 -3.23657
1.71018 -3.24384
1.71502 -3.25117
1.71986 -3.25858
1.7247 -3.26605
1.72954 -3.2736
1.73439 -3.28123
1.73924 -3.28892
1.74409 -3.29669
1.74894 -3.30454
1.75379 -3.31246
1.75863 -3.32045
1.76348 -3.32853
1.76833 -3.33668
1.77317 -3.34491
1.77802 -3.35323
1.78286 -3.36162
1.78769 -3.37009
1.79253 -3.37865
1.79735 -3.38729
1.80218 -3.39602
1.80699 -3.40483
1.8118 -3.41372
1.81661 -3.4227
1.8214 -3.43177
1.82619 -3.44093
1.83097 -3.45018
1.83574 -3.45952
1.8405 -3.46895
1.84524 -3.47847
1.84998 -3.48808
1.8547 -3.49779
1.85941 -3.5076
1.86411 -3.5175
1.86879 -3.52749
1.87345 -3.53759
1.8781 -3.54778
1.88273 -3.55808
1.88734 -3.56847
1.89194 -3.57897
1.89651 -3.58957
1.90106 -3.60027
1.90559 -3.61107
1.91009 -3.62199
1.91457 -3.63301
1.91903 -3.64413
1.92346 -3.65537
1.92786 -3.66672
1.93223 -3.67817
1.93657 -3.68974
1.94088 -3.70142
1.94516 -3.71322
1.9494 -3.72513
1.95361 -3.73716
1.95778 -3.7493
1.96192 -3.76156
1.96601 -3.77394
1.97007 -3.78644
1.97408 -3.79906
1.97805 -3.81181
1.98197 -3.82468
1.98585 -3.83767
1.98968 -3.85078
1.99346 -3.86403
1.99719 -3.8774
2.00086 -3.8909
2.00449 -3.90453
2.00805 -3.91829
2.01156 -3.93218
2.015 -3.9462
2.01839 -3.96036
2.02171 -3.97465
2.02496 -3.98908
2.02815 -4.00364
2.03126 -4.01835
2.03431 -4.03319
2.03728 -4.04817
2.04017 -4.06329
2.04299 -4.07855
2.04572 -4.09396
2.04838 -4.1095
2.05094 -4.1252
2.05342 -4.14103
2.05581 -4.15702
2.05811 -4.17315
2.06031 -4.18942
2.06241 -4.20585
2.06441 -4.22242
2.06631 -4.23915
2.06811 -4.25602
2.06979 -4.27305
2.07136 -4.29023
2.07282 -4.30756
2.07416 -4.32505
2.07538 -4.34269
2.07648 -4.36048
2.07745 -4.37843
2.07829 -4.39654
2.079 -4.4148
2.07957 -4.43321
2.08 -4.45179
2.08029 -4.47052
2.08044 -4.48941
2.08043 -4.50845
2.08027 -4.52766
2.07995 -4.54702
2.07947 -4.56654
2.07883 -4.58622
2.07801 -4.60605
2.07703 -4.62605
2.07587 -4.6462
2.07453 -4.66651
2.073 -4.68698
2.07129 -4.7076
2.06938 -4.72838
2.06728 -4.74932
2.06498 -4.77041
2.06247 -4.79166
2.05975 -4.81306
2.05682 -4.83462
2.05367 -4.85633
2.05029 -4.87818
2.04669 -4.90019
2.04286 -4.92235
2.03879 -4.94466
2.03448 -4.96711
2.02992 -4.98971
2.02511 -5.01245
2.02004 -5.03533
2.01471 -5.05835
2.00912 -5.08151
2.00325 -5.10481
1.99711 -5.12824
1.99069 -5.1518
1.98398 -5.17549
1.97698 -5.1993
1.96969 -5.22324
1.96209 -5.2473
1.95418 -5.27148
1.94597 -5.29577
1.93743 -5.32017
1.92857 -5.34468
1.91939 -5.3693
1.90987 -5.39401
1.90002 -5.41882
1.88982 -5.44372
1.87927 -5.46871
1.86837 -5.49379
1.85711 -5.51894
1.84548 -5.54417
1.83349 -5.56946
1.82112 -5.59482
1.80837 -5.62024
1.79524 -5.64571
1.78171 -5.67123
1.7678 -5.69679
1.75348 -5.72239
1.73876 -5.74801
1.72363 -5.77366
1.70809 -5.79932
1.69213 -5.82499
1.67575 -5.85066
1.65894 -5.87633
1.6417 -5.90199
1.62402 -5.92762
1.60591 -5.95323
1.58736 -5.9788
1.56836 -6.00432
1.54891 -6.0298
1.529 -6.05521
1.50864 -6.08055
1.48782 -6.10581
1.46654 -6.13098
1.4448 -6.15606
1.42259 -6.18102
1.39991 -6.20587
1.37675 -6.23059
1.35313 -6.25518
1.32903 -6.27962
1.30446 -6.3039
1.27941 -6.32801
1.25388 -6.35194
1.22788 -6.37569
1.2014 -6.39923
1.17444 -6.42256
1.147 -6.44567
1.11909 -6.46854
1.0907 -6.49117
1.06184 -6.51354
1.03251 -6.53565
1.0027 -6.55747
0.972434 -6.57901
0.941698 -6.60024
0.910501 -6.62115
0.878845 -6.64174
0.846735 -6.66199
0.814175 -6.68189
0.781168 -6.70143
0.747721 -6.7206
0.713838 -6.73938
0.679526 -6.75777
0.644789 -6.77575
0.609635 -6.79331
0.57407 -6.81043
0.538102 -6.82712
0.501738 -6.84336
0.464986 -6.85913
0.427854 -6.87443
0.390351 -6.88924
0.352486 -6.90356
0.314269 -6.91738
0.275708 -6.93068
0.236815 -6.94345
0.1976 -6.95569
0.158073 -6.96739
0.118246 -6.97854
0.07813 -6.98913
0.0377368 -6.99914
-0.0029215 -7.00859
-0.0438326 -7.01745
-0.0849839 -7.02571
-0.126363 -7.03338
-0.167955 -7.04045
-0.209749 -7.04691
-0.25173 -7.05275
-0.293884 -7.05796
-0.336198 -7.06256
-0.378656 -7.06652
-0.421246 -7.06984
-0.463952 -7.07253
-0.50676 -7.07458
-0.549655 -7.07598
-0.592623 -7.07674
-0.635647 -7.07685
-0.678714 -7.07631
-0.721809 -7.07512
-0.764916 -7.07328
-0.80802 -7.07079
-0.851106 -7.06765
-0.89416 -7.06386
-0.937166 -7.05943
-0.980109 -7.05435
-1.02298 -7.04862
-1.06575 -7.04226
-1.10842 -7.03526
-1.15096 -7.02763
-1.19337 -7.01936
-1.23564 -7.01048
-1.27773 -7.00098
-1.31966 -6.99086
-1.36139 -6.98013
-1.40291 -6.96881
-1.44422 -6.95689
-1.4853 -6.94438
-1.52614 -6.93129
-1.56672 -6.91763
-1.60704 -6.90341
-1.64707 -6.88863
-1.68682 -6.8733
-1.72627 -6.85743
-1.7654 -6.84104
-1.80422 -6.82412
-1.8427 -6.8067
-1.88084 -6.78878
-1.91863 -6.77036
-1.95606 -6.75147
-1.99312 -6.73211
-2.02981 -6.7123
-2.06611 -6.69203
-2.10202 -6.67133
-2.13753 -6.65021
-2.17264 -6.62867
-2.20733 -6.60674
-2.24161 -6.58441
-2.27546 -6.56171
-2.30888 -6.53864
-2.34187 -6.51521
-2.37443 -6.49144
-2.40654 -6.46735
-2.4382 -6.44293
-2.46942 -6.4182
-2.50019 -6.39318
-2.5305 -6.36788
-2.56035 -6.3423
-2.58975 -6.31646
-2.61868 -6.29037
-2.64715 -6.26405
-2.67516 -6.2375
-2.70271 -6.21073
-2.72979 -6.18376
-2.75641 -6.1566
-2.78257 -6.12926
-2.80826 -6.10174
-2.83349 -6.07407
-2.85826 -6.04624
-2.88257 -6.01828
-2.90642 -5.99019
-2.92981 -5.96198
-2.95275 -5.93366
-2.97524 -5.90524
-2.99728 -5.87673
-3.01887 -5.84814
-3.04001 -5.81948
-3.06071 -5.79076
-3.08098 -5.76199
-3.10081 -5.73317
-3.12021 -5.70431
-3.13918 -5.67543
-3.15772 -5.64653
-3.17585 -5.61761
-3.19356 -5.5887
-3.21086 -5.55978
-3.22775 -5.53088
-3.24424 -5.50199
-3.26033 -5.47313
-3.27602 -5.4443
-3.29133 -5.41551
-3.30625 -5.38677
-3.32079 -5.35807
-3.33496 -5.32943
-3.34876 -5.30085
-3.36219 -5.27234
-3.37526 -5.24391
-3.38798 -5.21555
-3.40035 -5.18727
-3.41238 -5.15909
-3.42406 -5.13099
-3.43541 -5.103
-3.44643 -5.0751
-3.45713 -5.04731
-3.46751 -5.01964
-3.47758 -4.99207
-3.48734 -4.96462
-3.49679 -4.9373
-3.50595 -4.91009
-3.51482 -4.88302
-3.52339 -4.85607
-3.53169 -4.82926
-3.53971 -4.80258
-3.54745 -4.77605
-3.55493 -4.74965
-3.56215 -4.7234
-3.56911 -4.69729
-3.57582 -4.67134
-3.58228 -4.64553
-3.5885 -4.61987
-3.59448 -4.59437
-3.60023 -4.56903
-3.60576 -4.54384
-3.61105 -4.51881
-3.61613 -4.49393
-3.621 -4.46922
-3.62565 -4.44468
-3.6301 -4.42029
-3.63435 -4.39607
-3.63841 -4.37202
-3.64227 -4.34813
-3.64594 -4.32441
-3.64943 -4.30085
-3.65274 -4.27746
-3.65588 -4.25424
-3.65884 -4.23119
-3.66164 -4.20831
-3.66427 -4.1856
-3.66674 -4.16306
-3.66906 -4.14069
-3.67123 -4.11849
-3.67325 -4.09645
-3.67512 -4.07459
-3.67685 -4.0529
-3.67844 -4.03138
-3.6799 -4.01002
-3.68123 -3.98884
-3.68243 -3.96782
-3.68351 -3.94698
-3.68446 -3.9263
-3.6853 -3.90579
-3.68602 -3.88545
-3.68663 -3.86528
-3.68713 -3.84527
-3.68752 -3.82543
-3.68781 -3.80575
-3.688 -3.78624
-3.6881 -3.76689
-3.6881 -3.74771
-3.688 -3.72869
-3.68782 -3.70984
-3.68755 -3.69114
-3.68719 -3.67261
-3.68676 -3.65423
-3.68624 -3.63602
-3.68564 -3.61796
-3.68497 -3.60007
-3.68423 -3.58233
-3.68342 -3.56474
-3.68253 -3.54731
-3.68159 -3.53004
-3.68057 -3.51292
-3.6795 -3.49595
-3.67836 -3.47913
-3.67717 -3.46247
-3.67592 -3.44595
-3.67461 -3.42959
-3.67325 -3.41337
-3.67184 -3.3973
-3.67038 -3.38138
-3.66888 -3.3656
-3.66732 -3.34996
-3.66573 -3.33447
-3.66408 -3.31913
-3.6624 -3.30392
-3.66068 -3.28885
-3.65892 -3.27393
-3.65712 -3.25914
-3.65529 -3.24449
-3.65343 -3.22997
-3.65153 -3.2156
-3.64959 -3.20135
-3.64763 -3.18724
-3.64564 -3.17326
-3.64362 -3.15942
-3.64158 -3.1457
-3.63951 -3.13212
-3.63741 -3.11866
-3.63529 -3.10534
-3.63315 -3.09213
-3.63099 -3.07906
-3.62881 -3.06611
-3.6266 -3.05328
-3.62438 -3.04058
-3.62215 -3.028
-3.61989 -3.01554
-3.61762 -3.0032
-3.61534 -2.99098
-3.61304 -2.97887
-3.61073 -2.96689
-3.6084 -2.95502
-3.60607 -2.94327
-3.60372 -2.93163
-3.60136 -2.92011
-3.599 -2.90869
-3.59662 -2.89739
-3.59424 -2.88621
-3.59185 -2.87513
-3.58945 -2.86416
-3.58705 -2.8533
-3.58464 -2.84254
-3.58222 -2.8319
-3.5798 -2.82136
-3.57738 -2.81092
-3.57495 -2.80059
-3.57253 -2.79036
-3.57009 -2.78023
-3.56766 -2.77021
-3.56522 -2.76028
-3.56279 -2.75046
-3.56035 -2.74074
-3.55791 -2.73111
-3.55547 -2.72158
-3.55304 -2.71215
-3.5506 -2.70281
-3.54817 -2.69357
-3.54573 -2.68442
-3.5433 -2.67537
-3.54087 -2.66641
-3.53844 -2.65754
-3.53602 -2.64876
-3.5336 -2.64008
-3.53118 -2.63148
-3.52877 -2.62297
-3.52636 -2.61455
-3.52395 -2.60622
-3.52155 -2.59797
-3.51915 -2.58982
-3.51676 -2.58174
-3.51437 -2.57375
-3.51199 -2.56585
-3.50962 -2.55803
-3.50724 -2.55029
-3.50488 -2.54263
-3.50252 -2.53506
-3.50017 -2.52756
-3.49782 -2.52015
-3.49548 -2.51281
-3.49314 -2.50556
-3.49082 -2.49838
-3.48849 -2.49128
-3.48618 -2.48425
-3.48387 -2.47731
-3.48157 -2.47043
-3.47928 -2.46364
-3.47699 -2.45691
-3.47471 -2.45026
-3.47244 -2.44369
-3.47018 -2.43718
-3.46792 -2.43075
-3.46567 -2.42439
-3.46343 -2.4181
-3.46119 -2.41188
-3.45896 -2.40573
-3.45675 -2.39965
-3.45453 -2.39363
-3.45233 -2.38769
-3.45013 -2.38181
-3.44794 -2.376
-3.44576 -2.37025
-3.44359 -2.36457
-3.44143 -2.35896
-3.43927 -2.35341
-3.43712 -2.34792
-3.43498 -2.3425
-3.43284 -2.33714
-3.43071 -2.33184
-3.4286 -2.32661
-3.42648 -2.32143
-3.42438 -2.31632
-3.42228 -2.31127
-3.4202 -2.30628
-3.41811 -2.30134
-3.41604 -2.29647
-3.41397 -2.29165
-3.41192 -2.28689
-3.40987 -2.28219
-3.40782 -2.27755
-3.40578 -2.27296
-3.40376 -2.26843
-3.40173 -2.26395
-3.39972 -2.25953
-3.39771 -2.25517
-3.39571 -2.25085
-3.39372 -2.2466
-3.39173 -2.24239
-3.38975 -2.23824
-3.38778 -2.23414
-3.38581 -2.23009
-3.38385 -2.22609
-3.3819 -2.22215
-3.37995 -2.21825
-3.37801 -2.21441
-3.37607 -2.21061
-3.37415 -2.20687
-3.37223 -2.20317
-3.37031 -2.19952
-3.3684 -2.19592
-3.3665 -2.19237
-3.3646 -2.18886
-3.36271 -2.1854
-3.36082 -2.18199
-3.35894 -2.17862
-3.35707 -2.1753
-3.3552 -2.17203
-3.35334 -2.1688
-3.35148 -2.16561
-3.34963 -2.16247
-3.34778 -2.15937
-3.34594 -2.15632
-3.3441 -2.1533
-3.34227 -2.15033
-3.34044 -2.14741
-3.33862 -2.14452
-3.3368 -2.14168
-3.33499 -2.13888
-3.33318 -2.13611
-3.33138 -2.13339
-3.32958 -2.13071
-3.32778 -2.12807
-3.32599 -2.12547
-3.3242 -2.1229
-3.32242 -2.12038
-3.32064 -2.11789
-3.31887 -2.11544
-3.31709 -2.11303
-3.31533 -2.11065
-3.31356 -2.10832
-3.3118 -2.10602
-3.31005 -2.10375
-3.30829 -2.10152
-3.30654 -2.09933
-3.3048 -2.09717
-3.30305 -2.09505
-3.30131 -2.09296
-3.29957 -2.09091
-3.29784 -2.08889
-3.29611 -2.0869
-3.29438 -2.08495
-3.29265 -2.08303
-3.29093 -2.08114
-3.28921 -2.07929
-3.28749 -2.07746
-3.28577 -2.07567
-3.28406 -2.07391
-3.28235 -2.07218
-3.28064 -2.07049
-3.27893 -2.06882
-3.27723 -2.06718
-3.27553 -2.06558
-3.27382 -2.064
-3.27213 -2.06245
-3.27043 -2.06094
-3.26873 -2.05945
-3.26704 -2.05799
-3.26535 -2.05655
-3.26366 -2.05515
-3.26197 -2.05377
-3.26028 -2.05243
-3.25859 -2.0511
-3.25691 -2.04981
-3.25522 -2.04854
-3.25354 -2.0473
-3.25186 -2.04609
-3.25017 -2.0449
-3.24849 -2.04373
-3.24682 -2.0426
-3.24514 -2.04148
-3.24346 -2.0404
-3.24178 -2.03933
-3.24011 -2.03829
-3.23843 -2.03728
-3.23676 -2.03629
-3.23508 -2.03532
-3.23341 -2.03438
-3.23173 -2.03346
-3.23006 -2.03256
-3.22839 -2.03168
-3.22672 -2.03083
-3.22504 -2.03
-3.22337 -2.02919
-3.2217 -2.02841
-3.22003 -2.02764
-3.21836 -2.0269
-3.21669 -2.02618
-3.21501 -2.02547
-3.21334 -2.02479
-3.21167 -2.02413
-3.21 -2.02349
-3.20833 -2.02287
-3.20665 -2.02227
-3.20498 -2.02169
-3.20331 -2.02113
-3.20163 -2.02059
-3.19996 -2.02006
-3.19829 -2.01956
-3.19661 -2.01907
-3.19494 -2.0186
-3.19326 -2.01815
-3.19159 -2.01772
-3.18991 -2.01731
-3.18823 -2.01691
-3.18655 -2.01653
-3.18487 -2.01617
-3.1832 -2.01582
-3.18152 -2.01549
-3.17983 -2.01518
-3.17815 -2.01488
-3.17647 -2.0146
-3.17479 -2.01434
-3.1731 -2.01409
-3.17142 -2.01386
-3.16973 -2.01364
-3.16805 -2.01344
-3.16636 -2.01325
-3.16467 -2.01308
-3.16298 -2.01293
-3.16129 -2.01278
-3.1596 -2.01265
-3.15791 -2.01254
-3.15621 -2.01244
-3.15452 -2.01235
-3.15282 -2.01228
-3.15113 -2.01222
-3.14943 -2.01218
-3.14773 -2.01214
-3.14603 -2.01213
-3.14433 -2.01212
-3.14263 -2.01213
-3.14092 -2.01214
-3.13922 -2.01217
-3.13751 -2.01222
-3.13581 -2.01227
-3.1341 -2.01234
-3.13239 -2.01242
-3.13068 -2.01251
-3.12897 -2.01261
-3.12725 -2.01273
-3.12554 -2.01285
-3.12382 -2.01299
-3.12211 -2.01314
-3.12039 -2.01329
-3.11867 -2.01346
-3.11695 -2.01364
-3.11523 -2.01383
-3.1135 -2.01403
-3.11178 -2.01424
-3.11005 -2.01446
-3.10833 -2.01469
-3.1066 -2.01493
-3.10487 -2.01517
-3.10314 -2.01543
-3.10141 -2.0157
-3.09967 -2.01598
-3.09794 -2.01626
-3.0962 -2.01656
-3.09446 -2.01686
-3.09273 -2.01717
-3.09099 -2.01749
-3.08925 -2.01782
-3.0875 -2.01816
-3.08576 -2.0185
-3.08401 -2.01886
-3.08227 -2.01922
-3.08052 -2.01959
-3.07877 -2.01996
-3.07702 -2.02035
-3.07527 -2.02074
-3.07352 -2.02114
-3.07176 -2.02155
-3.07001 -2.02196
-3.06825 -2.02238
-3.0665 -2.02281
-3.06474 -2.02325
-3.06298 -2.02369
-3.06122 -2.02414
-3.05945 -2.02459
-3.05769 -2.02505
-3.05593 -2.02552
-3.05416 -2.026
-3.05239 -2.02648
-3.05063 -2.02696
-3.04886 -2.02746
-3.04709 -2.02796
-3.04531 -2.02846
-3.04354 -2.02897
-3.04177 -2.02949
-3.03999 -2.03001
-3.03822 -2.03053
-3.03644 -2.03107
-3.03466 -2.0316
-3.03288 -2.03214
-3.0311 -2.03269
-3.02932 -2.03325
-3.02754 -2.0338
-3.02576 -2.03436
-3.02397 -2.03493
-3.02219 -2.0355
-3.0204 -2.03608
-3.01861 -2.03666
-3.01683 -2.03725
-3.01504 -2.03784
-3.01325 -2.03843
-3.01146 -2.03903
-3.00967 -2.03963
-3.00787 -2.04024
-3.00608 -2.04085
-3.00429 -2.04146
-3.00249 -2.04208
-3.0007 -2.0427
-2.9989 -2.04333
-2.9971 -2.04396
-2.9953 -2.04459
-2.9935 -2.04523
-2.9917 -2.04587
-2.9899 -2.04651
-2.9881 -2.04716
-2.9863 -2.04781
-2.9845 -2.04846
-2.98269 -2.04912
-2.98089 -2.04977
-2.97909 -2.05044
-2.97728 -2.0511
-2.97547 -2.05177
-2.97367 -2.05244
-2.97186 -2.05311
-2.97005 -2.05379
-2.96824 -2.05447
-2.96644 -2.05515
-2.96463 -2.05583
-2.96282 -2.05652
-2.96101 -2.05721
-2.95919 -2.0579
-2.95738 -2.05859
-2.95557 -2.05929
-2.95376 -2.05999
-2.95195 -2.06069
-2.95013 -2.06139
-2.94832 -2.06209
-2.9465 -2.0628
-2.94469 -2.06351
-2.94288 -2.06422
-2.94106 -2.06493
-2.93924 -2.06564
-2.93743 -2.06636
-2.93561 -2.06707
-2.9338 -2.06779
-2.93198 -2.06851
-2.93016 -2.06923
-2.92835 -2.06996
-2.92653 -2.07068
-2.92471 -2.07141
-2.92289 -2.07214
-2.92107 -2.07286
-2.91926 -2.07359
-2.91744 -2.07433
-2.91562 -2.07506
-2.9138 -2.07579
-2.91198 -2.07653
-2.91016 -2.07726
-2.90834 -2.078
-2.90652 -2.07874
-2.90471 -2.07948
-2.90289 -2.08022
-2.90107 -2.08096
-2.89925 -2.0817
-2.89743 -2.08244
-2.89561 -2.08319
-2.89379 -2.08393
-2.89197 -2.08468
-2.89015 -2.08542
-2.88833 -2.08617
-2.88651 -2.08692
-2.8847 -2.08767
-2.88288 -2.08841
-2.88106 -2.08916
-2.87924 -2.08991
-2.87742 -2.09066
-2.8756 -2.09141
-2.87379 -2.09216
-2.87197 -2.09291
-2.87015 -2.09367
-2.86833 -2.09442
-2.86652 -2.09517
-2.8647 -2.09592
-2.86288 -2.09667
-2.86107 -2.09743
-2.85925 -2.09818
-2.85744 -2.09893
-2.85562 -2.09969
-2.85381 -2.10044
-2.85199 -2.10119
-2.85018 -2.10195
-2.84836 -2.1027
-2.84655 -2.10346
-2.84474 -2.10421
-2.84292 -2.10496
-2.84111 -2.10572
-2.8393 -2.10647
-2.83749 -2.10722
-2.83568 -2.10798
-2.83387 -2.10873
-2.83206 -2.10948
-2.83025 -2.11024
-2.82844 -2.11099
-2.82663 -2.11174
-2.82482 -2.1125
-2.82301 -2.11325
-2.82121 -2.114
-2.8194 -2.11475
-2.81759 -2.1155
-2.81579 -2.11625
-2.81398 -2.117
-2.81218 -2.11775
-2.81038 -2.1185
-2.80857 -2.11925
-2.80677 -2.12
-2.80497 -2.12075
-2.80317 -2.1215
-2.80137 -2.12225
-2.79957 -2.12299
-2.79777 -2.12374
-2.79597 -2.12448
-2.79417 -2.12523
-2.79238 -2.12597
-2.79058 -2.12672
-2.78878 -2.12746
-2.78699 -2.12821
-2.7852 -2.12895
-2.7834 -2.12969
-2.78161 -2.13043
-2.77982 -2.13117
-2.77803 -2.13191
-2.77624 -2.13265
-2.77445 -2.13339
-2.77266 -2.13413
-2.77087 -2.13486
-2.76909 -2.1356
-2.7673 -2.13634
-2.76552 -2.13707
-2.76373 -2.1378
-2.76195 -2.13854
-2.76017 -2.13927
-2.75839 -2.14
-2.75661 -2.14073
-2.75483 -2.14146
-2.75305 -2.14219
-2.75127 -2.14292
-2.74949 -2.14365
-2.74772 -2.14437
-2.74594 -2.1451
-2.74417 -2.14582
-2.7424 -2.14655
-2.74062 -2.14727
-2.73885 -2.14799
-2.73708 -2.14871
-2.73531 -2.14943
-2.73355 -2.15015
-2.73178 -2.15087
-2.73001 -2.15159
-2.72825 -2.15231
-2.72648 -2.15302
-2.72472 -2.15374
-2.72296 -2.15445
-2.7212 -2.15516
-2.71944 -2.15587
-2.71768 -2.15658
-2.71592 -2.15729
-2.71417 -2.158
-2.71241 -2.15871
-2.71066 -2.15941
-2.7089 -2.16012
-2.70715 -2.16082
-2.7054 -2.16153
-2.70365 -2.16223
-2.7019 -2.16293
-2.70015 -2.16363
-2.69841 -2.16433
-2.69666 -2.16503
-2.69492 -2.16572
-2.69318 -2.16642
-2.69143 -2.16711
-2.68969 -2.16781
-2.68795 -2.1685
-2.68622 -2.16919
-2.68448 -2.16988
-2.68274 -2.17057
-2.68101 -2.17125
-2.67927 -2.17194
-2.67754 -2.17263
-2.67581 -2.17331
-2.67408 -2.17399
-2.67235 -2.17468
-2.67062 -2.17536
-2.6689 -2.17604
-2.66717 -2.17671
-2.66545 -2.17739
-2.66373 -2.17807
-2.66201 -2.17874
-2.66029 -2.17942
-2.65857 -2.18009
-2.65685 -2.18076
-2.65513 -2.18143
-2.65342 -2.1821
-2.6517 -2.18277
-2.64999 -2.18343
-2.64828 -2.1841
-2.64657 -2.18476
-2.64486 -2.18542
-2.64315 -2.18609
-2.64145 -2.18675
-2.63974 -2.18741
-2.63804 -2.18806
-2.63634 -2.18872
-2.63464 -2.18938
-2.63294 -2.19003
-2.63124 -2.19068
-2.62954 -2.19133
-2.62785 -2.19199
-2.62615 -2.19263
-2.62446 -2.19328
-2.62277 -2.19393
-2.62108 -2.19458
-2.61939 -2.19522
-2.6177 -2.19586
-2.61602 -2.1965
-2.61433 -2.19715
-2.61265 -2.19778
-2.61097 -2.19842
-2.60928 -2.19906
-2.60761 -2.1997
-2.60593 -2.20033
-2.60425 -2.20096
-2.60257 -2.2016
-2.6009 -2.20223
-2.59923 -2.20286
-2.59756 -2.20348
-2.59589 -2.20411
-2.59422 -2.20474
-2.59255 -2.20536
-2.59089 -2.20598
-2.58922 -2.20661
-2.58756 -2.20723
-2.5859 -2.20785
-2.58424 -2.20846
-2.58258 -2.20908
-2.58092 -2.2097
-2.57926 -2.21031
-2.57761 -2.21092
-2.57596 -2.21154
-2.5743 -2.21215
-2.57265 -2.21275
-2.571 -2.21336
-2.56936 -2.21397
-2.56771 -2.21458
-2.56606 -2.21518
-2.56442 -2.21578
-2.56278 -2.21638
-2.56114 -2.21698
-2.5595 -2.21758
-2.55786 -2.21818
-2.55622 -2.21878
-2.55459 -2.21937
-2.55296 -2.21997
-2.55132 -2.22056
-2.54969 -2.22115
-2.54806 -2.22174
-2.54643 -2.22233
-2.54481 -2.22292
-2.54318 -2.22351
-2.54156 -2.22409
-2.53994 -2.22468
-2.53831 -2.22526
-2.5367 -2.22584
-2.53508 -2.22642
-2.53346 -2.227
-2.53184 -2.22758
-2.53023 -2.22816
-2.52862 -2.22873
-2.52701 -2.22931
-2.5254 -2.22988
-2.52379 -2.23045
-2.52218 -2.23102
-2.52058 -2.23159
-2.51897 -2.23216
-2.51737 -2.23272
-2.51577 -2.23329
-2.51417 -2.23385
-2.51257 -2.23442
-2.51097 -2.23498
-2.50938 -2.23554
-2.50778 -2.2361
-2.50619 -2.23666
-2.5046 -2.23721
-2.50301 -2.23777
-2.50142 -2.23832
-2.49983 -2.23888
-2.49825 -2.23943
-2.49666 -2.23998
-2.49508 -2.24053
-2.4935 -2.24108
-2.49192 -2.24163
-2.49034 -2.24217
-2.48876 -2.24272
-2.48719 -2.24326
-2.48561 -2.2438
-2.48404 -2.24434
-2.48247 -2.24488
-2.4809 -2.24542
-2.47933 -2.24596
-2.47776 -2.2465
-2.4762 -2.24703
-2.47463 -2.24756
-2.47307 -2.2481
-2.47151 -2.24863
-2.46995 -2.24916
-2.46839 -2.24969
-2.46683 -2.25022
-2.46528 -2.25074
-2.46372 -2.25127
-2.46217 -2.25179
-2.46062 -2.25232
-2.45907 -2.25284
-2.45752 -2.25336
-2.45597 -2.25388
-2.45442 -2.2544
-2.45288 -2.25491
-2.45133 -2.25543
-2.44979 -2.25594
-2.44825 -2.25646
-2.44671 -2.25697
-2.44517 -2.25748
-2.44364 -2.25799
-2.4421 -2.2585
-2.44057 -2.25901
-2.43903 -2.25952
-2.4375 -2.26002
-2.43597 -2.26053
-2.43445 -2.26103
-2.43292 -2.26153
-2.43139 -2.26203
-2.42987 -2.26253
-2.42835 -2.26303
-2.42682 -2.26353
-2.4253 -2.26402
-2.42379 -2.26452
-2.42227 -2.26501
-2.42075 -2.26551
-2.41924 -2.266
-2.41772 -2.26649
-2.41621 -2.26698
-2.4147 -2.26747
-2.41319 -2.26795
-2.41168 -2.26844
-2.41018 -2.26893
-2.40867 -2.26941
-2.40717 -2.26989
-2.40567 -2.27037
-2.40417 -2.27085
-2.40267 -2.27133
-2.40117 -2.27181
-2.39967 -2.27229
-2.39817 -2.27277
-2.39668 -2.27324
-2.39519 -2.27371
-2.39369 -2.27419
-2.3922 -2.27466
-2.39071 -2.27513
-2.38923 -2.2756
-2.38774 -2.27607
-2.38626 -2.27654
-2.38477 -2.277
-2.38329 -2.27747
-2.38181 -2.27793
-2.38033 -2.27839
-2.37885 -2.27886
-2.37737 -2.27932
-2.3759 -2.27978
-2.37442 -2.28023
-2.37295 -2.28069
-2.37148 -2.28115
-2.37 -2.2816
-2.36853 -2.28206
-2.36707 -2.28251
-2.3656 -2.28296
-2.36413 -2.28342
-2.36267 -2.28387
-2.36121 -2.28431
-2.35974 -2.28476
-2.35828 -2.28521
-2.35682 -2.28566
-2.35537 -2.2861
-2.35391 -2.28654
-2.35245 -2.28699
-2.351 -2.28743
-2.34955 -2.28787
-2.3481 -2.28831
-2.34665 -2.28875
-2.3452 -2.28918
-2.34375 -2.28962
-2.3423 -2.29006
-2.34086 -2.29049
-2.33941 -2.29092
-2.33797 -2.29136
-2.33653 -2.29179
-2.33509 -2.29222
-2.33365 -2.29265
-2.33221 -2.29308
-2.33077 -2.2935
-2.32934 -2.29393
-2.3279 -2.29435
-2.32647 -2.29478
-2.32504 -2.2952
-2.32361 -2.29562
-2.32218 -2.29605
-2.32075 -2.29647
-2.31932 -2.29688
-2.3179 -2.2973
-2.31647 -2.29772
-2.31505 -2.29814
-2.31363 -2.29855
-2.31221 -2.29897
-2.31079 -2.29938
-2.30937 -2.29979
-2.30795 -2.3002
-2.30654 -2.30061
-2.30512 -2.30102
-2.30371 -2.30143
-2.3023 -2.30184
-2.30088 -2.30224
-2.29947 -2.30265
-2.29806 -2.30305
-2.29666 -2.30346
-2.29525 -2.30386
-2.29384 -2.30426
-2.29244 -2.30466
-2.29104 -2.30506
-2.28964 -2.30546
-2.28823 -2.30586
-2.28683 -2.30625
-2.28544 -2.30665
-2.28404 -2.30704
-2.28264 -2.30744
-2.28125 -2.30783
-2.27985 -2.30822
-2.27846 -2.30861
-2.27707 -2.309
-2.27568 -2.30939
-2.27429 -2.30978
-2.2729 -2.31017
-2.27151 -2.31055
-2.27013 -2.31094
-2.26874 -2.31132
-2.26736 -2.31171
-2.26598 -2.31209
-2.26459 -2.31247
-2.26321 -2.31285
-2.26183 -2.31323
-2.26046 -2.31361
-2.25908 -2.31399
-2.2577 -2.31436
-2.25633 -2.31474
-2.25495 -2.31511
-2.25358 -2.31549
-2.25221 -2.31586
-2.25084 -2.31623
-2.24947 -2.3166
-2.2481 -2.31697
-2.24673 -2.31734
-2.24537 -2.31771
-2.244 -2.31808
-2.24264 -2.31845
-2.24127 -2.31881
-2.23991 -2.31918
-2.23855 -2.31954
-2.23719 -2.31991
-2.23583 -2.32027
-2.23447 -2.32063
-2.23312 -2.32099
-2.23176 -2.32135
-2.23041 -2.32171
-2.22905 -2.32207
-2.2277 -2.32242
-2.22635 -2.32278
-2.225 -2.32313
-2.22365 -2.32349
-2.2223 -2.32384
-2.22095 -2.32419
-2.2196 -2.32455
-2.21826 -2.3249
-2.21691 -2.32525
-2.21557 -2.3256
-2.21423 -2.32594
-2.21289 -2.32629
-2.21155 -2.32664
-2.21021 -2.32698
-2.20887 -2.32733
-2.20753 -2.32767
-2.20619 -2.32801
-2.20486 -2.32836
-2.20352 -2.3287
-2.20219 -2.32904
-2.20086 -2.32938
-2.19953 -2.32972
-2.19819 -2.33005
-2.19686 -2.33039
-2.19554 -2.33073
-2.19421 -2.33106
-2.19288 -2.3314
-2.19156 -2.33173
-2.19023 -2.33206
-2.18891 -2.3324
-2.18758 -2.33273
-2.18626 -2.33306
-2.18494 -2.33339
-2.18362 -2.33372
-2.1823 -2.33404
-2.18098 -2.33437
-2.17966 -2.3347
-2.17835 -2.33502
-2.17703 -2.33535
-2.17572 -2.33567
-2.1744 -2.33599
-2.17309 -2.33631
-2.17178 -2.33664
-2.17047 -2.33696
-2.16916 -2.33728
-2.16785 -2.33759
-2.16654 -2.33791
-2.16523 -2.33823
-2.16393 -2.33855
-2.16262 -2.33886
-2.16131 -2.33918
-2.16001 -2.33949
-2.15871 -2.3398
-2.15741 -2.34011
-2.1561 -2.34043
-2.1548 -2.34074
-2.1535 -2.34105
-2.15221 -2.34136
-2.15091 -2.34166
-2.14961 -2.34197
-2.14831 -2.34228
-2.14702 -2.34258
-2.14573 -2.34289
-2.14443 -2.34319
-2.14314 -2.3435
-2.14185 -2.3438
-2.14056 -2.3441
-2.13927 -2.3444
-2.13798 -2.3447
-2.13669 -2.345
-2.1354 -2.3453
-2.13411 -2.3456
-2.13283 -2.3459
-2.13154 -2.34619
-2.13026 -2.34649
-2.12897 -2.34678
-2.12769 -2.34708
-2.12641 -2.34737
-2.12513 -2.34766
-2.12385 -2.34796
-2.12257 -2.34825
-2.12129 -2.34854
-2.12001 -2.34883
-2.11873 -2.34912
-2.11746 -2.3494
-2.11618 -2.34969
-2.11491 -2.34998
-2.11363 -2.35026
-2.11236 -2.35055
-2.11109 -2.35083
-2.10981 -2.35112
-2.10854 -2.3514
-2.10727 -2.35168
-2.106 -2.35196
-2.10473 -2.35224
-2.10347 -2.35252
-2.1022 -2.3528
-2.10093 -2.35308
-2.09967 -2.35336
-2.0984 -2.35363
-2.09714 -2.35391
-2.09587 -2.35419
-2.09461 -2.35446
-2.09335 -2.35473
-2.09209 -2.35501
-2.09083 -2.35528
-2.08957 -2.35555
-2.08831 -2.35582
-2.08705 -2.35609
-2.08579 -2.35636
-2.08453 -2.35663
-2.08328 -2.3569
-2.08202 -2.35717
-2.08077 -2.35743
-2.07951 -2.3577
-2.07826 -2.35796
-2.07701 -2.35823
-2.07575 -2.35849
-2.0745 -2.35875
-2.07325 -2.35902
-2.072 -2.35928
-2.07075 -2.35954
-2.0695 -2.3598
-2.06825 -2.36006
-2.06701 -2.36032
-2.06576 -2.36058
-2.06451 -2.36083
-2.06327 -2.36109
-2.06202 -2.36135
-2.06078 -2.3616
-2.05954 -2.36185
-2.05829 -2.36211
-2.05705 -2.36236
-2.05581 -2.36261
-2.05457 -2.36287
-2.05333 -2.36312
-2.05209 -2.36337
-2.05085 -2.36362
-2.04961 -2.36387
-2.04837 -2.36411
-2.04713 -2.36436
-2.0459 -2.36461
-2.04466 -2.36485
-2.04343 -2.3651
-2.04219 -2.36535
-2.04096 -2.36559
-2.03972 -2.36583
-2.03849 -2.36608
-2.03726 -2.36632
-2.03603 -2.36656
-2.03479 -2.3668
-2.03356 -2.36704
-2.03233 -2.36728
-2.0311 -2.36752
-2.02987 -2.36776
-2.02865 -2.36799
-2.02742 -2.36823
-2.02619 -2.36847
-2.02496 -2.3687
-2.02374 -2.36894
-2.02251 -2.36917
-2.02129 -2.3694
-2.02006 -2.36964
-2.01884 -2.36987
-2.01762 -2.3701
-2.01639 -2.37033
-2.01517 -2.37056
-2.01395 -2.37079
-2.01273 -2.37102
-2.01151 -2.37125
-2.01029 -2.37148
-2.00907 -2.3717
-2.00785 -2.37193
-2.00663 -2.37215
-2.00541 -2.37238
-2.00419 -2.3726
-2.00298 -2.37283
-2.00176 -2.37305
-2.00054 -2.37327
-1.99933 -2.37349
-1.99811 -2.37372
-1.9969 -2.37394
-1.99568 -2.37416
-1.99447 -2.37438
-1.99326 -2.37459
-1.99204 -2.37481
-1.99083 -2.37503
-1.98962 -2.37525
-1.98841 -2.37546
-1.9872 -2.37568
-1.98599 -2.37589
-1.98478 -2.37611
-1.98357 -2.37632
-1.98236 -2.37653
-1.98115 -2.37674
-1.97994 -2.37696
-1.97874 -2.37717
-1.97753 -2.37738
-1.97632 -2.37759
-1.97512 -2.3778
-1.97391 -2.37801
-1.9727 -2.37821
-1.9715 -2.37842
-1.97029 -2.37863
-1.96909 -2.37883
-1.96789 -2.37904
-1.96668 -2.37924
-1.96548 -2.37945
-1.96428 -2.37965
-1.96308 -2.37986
-1.96187 -2.38006
-1.96067 -2.38026
-1.95947 -2.38046
-1.95827 -2.38066
-1.95707 -2.38086
-1.95587 -2.38106
-1.95467 -2.38126
-1.95347 -2.38146
-1.95228 -2.38166
-1.95108 -2.38186
-1.94988 -2.38205
-1.94868 -2.38225
-1.94749 -2.38244
-1.94629 -2.38264
-1.94509 -2.38283
-1.9439 -2.38303
-1.9427 -2.38322
-1.94151 -2.38341
-1.94031 -2.3836
-1.93912 -2.3838
-1.93792 -2.38399
-1.93673 -2.38418
-1.93554 -2.38437
-1.93434 -2.38456
-1.93315 -2.38474
-1.93196 -2.38493
-1.93077 -2.38512
-1.92957 -2.38531
-1.92838 -2.38549
-1.92719 -2.38568
-1.926 -2.38586
-1.92481 -2.38605
-1.92362 -2.38623
-1.92243 -2.38642
-1.92124 -2.3866
-1.92005 -2.38678
-1.91886 -2.38696
-1.91767 -2.38714
-1.91649 -2.38733
-1.9153 -2.38751
-1.91411 -2.38768
-1.91292 -2.38786
-1.91173 -2.38804
-1.91055 -2.38822
-1.90936 -2.3884
-1.90817 -2.38857
-1.90699 -2.38875
-1.9058 -2.38893
-1.90462 -2.3891
-1.90343 -2.38928
-1.90225 -2.38945
-1.90106 -2.38963
-1.89988 -2.3898
-1.89869 -2.38997
-1.89751 -2.39014
-1.89632 -2.39031
-1.89514 -2.39049
-1.89396 -2.39066
-1.89277 -2.39083
-1.89159 -2.391
-1.89041 -2.39116
-1.88923 -2.39133
-1.88804 -2.3915
-1.88686 -2.39167
-1.88568 -2.39184
-1.8845 -2.392
-1.88332 -2.39217
-1.88213 -2.39233
-1.88095 -2.3925
-1.87977 -2.39266
-1.87859 -2.39283
-1.87741 -2.39299
-1.87623 -2.39315
-1.87505 -2.39331
-1.87387 -2.39348
-1.87269 -2.39364
-1.87151 -2.3938
-1.87033 -2.39396
-1.86915 -2.39412
-1.86797 -2.39428
-1.8668 -2.39444
-1.86562 -2.3946
-1.86444 -2.39475
-1.86326 -2.39491
-1.86208 -2.39507
-1.8609 -2.39522
-1.85973 -2.39538
-1.85855 -2.39554
-1.85737 -2.39569
-1.85619 -2.39585
-1.85501 -2.396
-1.85384 -2.39615
-1.85266 -2.39631
-1.85148 -2.39646
-1.85031 -2.39661
-1.84913 -2.39676
-1.84795 -2.39691
-1.84678 -2.39706
-1.8456 -2.39721
-1.84442 -2.39736
-1.84325 -2.39751
-1.84207 -2.39766
-1.84089 -2.39781
-1.83972 -2.39796
-1.83854 -2.39811
-1.83737 -2.39825
-1.83619 -2.3984
-1.83502 -2.39855
-1.83384 -2.39869
-1.83266 -2.39884
-1.83149 -2.39898
-1.83031 -2.39913
-1.82914 -2.39927
-1.82796 -2.39941
-1.82679 -2.39956
-1.82561 -2.3997
-1.82444 -2.39984
-1.82326 -2.39998
-1.82209 -2.40012
-1.82091 -2.40026
-1.81974 -2.40041
-1.81856 -2.40055
-1.81739 -2.40068
-1.81621 -2.40082
-1.81504 -2.40096
-1.81386 -2.4011
-1.81269 -2.40124
-1.81151 -2.40138
-1.81034 -2.40151
-1.80916 -2.40165
-1.80799 -2.40179
-1.80681 -2.40192
-1.80564 -2.40206
-1.80446 -2.40219
-1.80329 -2.40233
-1.80212 -2.40246
-1.80094 -2.40259
-1.79977 -2.40273
-1.79859 -2.40286
-1.79742 -2.40299
-1.79624 -2.40313
-1.79507 -2.40326
-1.79389 -2.40339
-1.79272 -2.40352
-1.79154 -2.40365
-1.79037 -2.40378
-1.78919 -2.40391
-1.78802 -2.40404
-1.78684 -2.40417
-1.78566 -2.4043
-1.78449 -2.40443
-1.78331 -2.40455
-1.78214 -2.40468
-1.78096 -2.40481
