Path for ray(in pc) -12 -11
Points calculated each 200 days for 1000 years.
-4.38927 -6.60716
-4.38646 -6.60853
-4.38363 -6.60991
-4.38079 -6.6113
-4.37794 -6.61271
-4.37508 -6.61412
-4.37221 -6.61555
-4.36932 -6.61699
-4.36642 -6.61843
-4.3635 -6.61989
-4.36057 -6.62136
-4.35763 -6.62284
-4.35468 -6.62434
-4.35172 -6.62584
-4.34874 -6.62736
-4.34575 -6.62889
-4.34274 -6.63043
-4.33972 -6.63199
-4.33669 -6.63356
-4.33365 -6.63514
-4.33059 -6.63673
-4.32752 -6.63834
-4.32444 -6.63996
-4.32134 -6.64159
-4.31823 -6.64324
-4.3151 -6.6449
-4.31197 -6.64657
-4.30882 -6.64826
-4.30565 -6.64997
-4.30248 -6.65168
-4.29929 -6.65342
-4.29608 -6.65517
-4.29287 -6.65693
-4.28964 -6.65871
-4.28639 -6.66051
-4.28314 -6.66232
-4.27987 -6.66414
-4.27658 -6.66599
-4.27328 -6.66785
-4.26997 -6.66972
-4.26665 -6.67162
-4.26331 -6.67353
-4.25996 -6.67546
-4.2566 -6.6774
-4.25322 -6.67937
-4.24983 -6.68135
-4.24642 -6.68335
-4.243 -6.68537
-4.23957 -6.68741
-4.23613 -6.68946
-4.23267 -6.69154
-4.2292 -6.69364
-4.22571 -6.69575
-4.22221 -6.69789
-4.2187 -6.70005
-4.21517 -6.70223
-4.21163 -6.70443
-4.20808 -6.70665
-4.20452 -6.70889
-4.20094 -6.71116
-4.19735 -6.71344
-4.19374 -6.71575
-4.19012 -6.71809
-4.18649 -6.72044
-4.18285 -6.72282
-4.17919 -6.72523
-4.17552 -6.72765
-4.17184 -6.73011
-4.16815 -6.73259
-4.16444 -6.73509
-4.16072 -6.73762
-4.15698 -6.74017
-4.15324 -6.74276
-4.14948 -6.74536
-4.14571 -6.748
-4.14192 -6.75066
-4.13813 -6.75336
-4.13432 -6.75608
-4.1305 -6.75883
-4.12667 -6.7616
-4.12282 -6.76441
-4.11897 -6.76725
-4.1151 -6.77012
-4.11122 -6.77302
-4.10733 -6.77595
-4.10343 -6.77891
-4.09952 -6.78191
-4.09559 -6.78494
-4.09166 -6.788
-4.08771 -6.79109
-4.08376 -6.79422
-4.07979 -6.79739
-4.07581 -6.80058
-4.07183 -6.80382
-4.06783 -6.80709
-4.06382 -6.8104
-4.05981 -6.81375
-4.05578 -6.81713
-4.05175 -6.82055
-4.0477 -6.82401
-4.04365 -6.82751
-4.03959 -6.83105
-4.03552 -6.83463
-4.03144 -6.83826
-4.02735 -6.84192
-4.02326 -6.84563
-4.01916 -6.84938
-4.01505 -6.85317
-4.01094 -6.85701
-4.00682 -6.86089
-4.00269 -6.86482
-3.99856 -6.8688
-3.99442 -6.87282
-3.99027 -6.87689
-3.98612 -6.88101
-3.98197 -6.88518
-3.97781 -6.88939
-3.97365 -6.89366
-3.96949 -6.89798
-3.96532 -6.90235
-3.96115 -6.90678
-3.95697 -6.91125
-3.9528 -6.91579
-3.94862 -6.92037
-3.94445 -6.92502
-3.94027 -6.92971
-3.93609 -6.93447
-3.93192 -6.93929
-3.92774 -6.94416
-3.92357 -6.94909
-3.9194 -6.95409
-3.91523 -6.95915
-3.91107 -6.96426
-3.90691 -6.96945
-3.90275 -6.97469
-3.8986 -6.98001
-3.89446 -6.98538
-3.89032 -6.99083
-3.88619 -6.99634
-3.88207 -7.00193
-3.87796 -7.00758
-3.87385 -7.0133
-3.86976 -7.0191
-3.86568 -7.02496
-3.86161 -7.0309
-3.85756 -7.03692
-3.85352 -7.04301
-3.84949 -7.04918
-3.84548 -7.05543
-3.84149 -7.06176
-3.83751 -7.06816
-3.83355 -7.07465
-3.82962 -7.08122
-3.8257 -7.08787
-3.82181 -7.09461
-3.81794 -7.10143
-3.81409 -7.10834
-3.81027 -7.11534
-3.80648 -7.12243
-3.80272 -7.1296
-3.79898 -7.13687
-3.79528 -7.14423
-3.79161 -7.15168
-3.78797 -7.15923
-3.78437 -7.16688
-3.78081 -7.17462
-3.77728 -7.18246
-3.77379 -7.19039
-3.77035 -7.19843
-3.76695 -7.20657
-3.7636 -7.21482
-3.76029 -7.22316
-3.75703 -7.23162
-3.75382 -7.24018
-3.75067 -7.24884
-3.74757 -7.25762
-3.74452 -7.2665
-3.74154 -7.2755
-3.73861 -7.28461
-3.73575 -7.29383
-3.73296 -7.30317
-3.73023 -7.31262
-3.72758 -7.32219
-3.72499 -7.33188
-3.72248 -7.34168
-3.72005 -7.35161
-3.7177 -7.36166
-3.71543 -7.37183
-3.71325 -7.38212
-3.71116 -7.39254
-3.70916 -7.40308
-3.70725 -7.41375
-3.70545 -7.42455
-3.70374 -7.43547
-3.70213 -7.44652
-3.70064 -7.45771
-3.69925 -7.46902
-3.69798 -7.48047
-3.69682 -7.49204
-3.69579 -7.50375
-3.69488 -7.5156
-3.6941 -7.52757
-3.69345 -7.53969
-3.69294 -7.55193
-3.69256 -7.56431
-3.69233 -7.57683
-3.69225 -7.58948
-3.69232 -7.60227
-3.69255 -7.6152
-3.69294 -7.62826
-3.69349 -7.64146
-3.69422 -7.6548
-3.69512 -7.66827
-3.69619 -7.68187
-3.69745 -7.69561
-3.6989 -7.70949
-3.70055 -7.7235
-3.70239 -7.73764
-3.70444 -7.75192
-3.70669 -7.76633
-3.70916 -7.78086
-3.71185 -7.79553
-3.71476 -7.81033
-3.71791 -7.82525
-3.72128 -7.8403
-3.7249 -7.85546
-3.72877 -7.87075
-3.73289 -7.88616
-3.73727 -7.90169
-3.74191 -7.91733
-3.74682 -7.93308
-3.75201 -7.94894
-3.75748 -7.9649
-3.76323 -7.98097
-3.76928 -7.99713
-3.77563 -8.0134
-3.78229 -8.02975
-3.78925 -8.04619
-3.79654 -8.06271
-3.80414 -8.07931
-3.81208 -8.09598
-3.82035 -8.11272
-3.82896 -8.12953
-3.83792 -8.14639
-3.84723 -8.16331
-3.8569 -8.18027
-3.86693 -8.19727
-3.87734 -8.2143
-3.88811 -8.23136
-3.89927 -8.24844
-3.91082 -8.26553
-3.92275 -8.28263
-3.93508 -8.29972
-3.94782 -8.3168
-3.96095 -8.33386
-3.9745 -8.35089
-3.98846 -8.36788
-4.00284 -8.38483
-4.01764 -8.40171
-4.03286 -8.41854
-4.04852 -8.43528
-4.0646 -8.45194
-4.08113 -8.4685
-4.09808 -8.48495
-4.11548 -8.50128
-4.13332 -8.51748
-4.1516 -8.53354
-4.17032 -8.54944
-4.18949 -8.56518
-4.2091 -8.58074
-4.22916 -8.59611
-4.24966 -8.61128
-4.2706 -8.62623
-4.29199 -8.64096
-4.31382 -8.65544
-4.33608 -8.66967
-4.35878 -8.68364
-4.3819 -8.69732
-4.40546 -8.71072
-4.42944 -8.7238
-4.45384 -8.73657
-4.47865 -8.74901
-4.50387 -8.7611
-4.52949 -8.77284
-4.5555 -8.78421
-4.5819 -8.79519
-4.60868 -8.80578
-4.63583 -8.81596
-4.66333 -8.82572
-4.69119 -8.83506
-4.71939 -8.84395
-4.74792 -8.85238
-4.77677 -8.86035
-4.80593 -8.86785
-4.83538 -8.87486
-4.86512 -8.88137
-4.89512 -8.88739
-4.92538 -8.89288
-4.95589 -8.89786
-4.98662 -8.90231
-5.01756 -8.90622
-5.0487 -8.90958
-5.08003 -8.91239
-5.11152 -8.91465
-5.14317 -8.91635
-5.17495 -8.91748
-5.20684 -8.91804
-5.23884 -8.91803
-5.27093 -8.91744
-5.30308 -8.91627
-5.33529 -8.91452
-5.36753 -8.9122
-5.39978 -8.90929
-5.43204 -8.9058
-5.46428 -8.90173
-5.49649 -8.89709
-5.52864 -8.89187
-5.56073 -8.88608
-5.59273 -8.87973
-5.62463 -8.87281
-5.65642 -8.86533
-5.68807 -8.8573
-5.71957 -8.84872
-5.75091 -8.83961
-5.78207 -8.82996
-5.81303 -8.81979
-5.84379 -8.8091
-5.87432 -8.79791
-5.90461 -8.78622
-5.93466 -8.77404
-5.96444 -8.76138
-5.99395 -8.74826
-6.02317 -8.73468
-6.0521 -8.72066
-6.08071 -8.70621
-6.10901 -8.69133
-6.13698 -8.67605
-6.1646 -8.66037
-6.19189 -8.64431
-6.21881 -8.62788
-6.24538 -8.61109
-6.27157 -8.59396
-6.29739 -8.5765
-6.32282 -8.55872
-6.34787 -8.54064
-6.37252 -8.52226
-6.39677 -8.50362
-6.42062 -8.4847
-6.44407 -8.46554
-6.46711 -8.44615
-6.48974 -8.42653
-6.51195 -8.4067
-6.53375 -8.38668
-6.55514 -8.36647
-6.57611 -8.34609
-6.59666 -8.32555
-6.61679 -8.30487
-6.63651 -8.28406
-6.65581 -8.26313
-6.6747 -8.24209
-6.69318 -8.22095
-6.71125 -8.19972
-6.72891 -8.17843
-6.74616 -8.15707
-6.76301 -8.13565
-6.77946 -8.1142
-6.79552 -8.09271
-6.81118 -8.0712
-6.82646 -8.04968
-6.84135 -8.02816
-6.85586 -8.00664
-6.86999 -7.98514
-6.88375 -7.96366
-6.89715 -7.94222
-6.91018 -7.92081
-6.92286 -7.89945
-6.93519 -7.87815
-6.94717 -7.85691
-6.95881 -7.83574
-6.97011 -7.81464
-6.98109 -7.79362
-6.99174 -7.7727
-7.00207 -7.75186
-7.01209 -7.73113
-7.0218 -7.7105
-7.03121 -7.68998
-7.04033 -7.66957
-7.04916 -7.64929
-7.0577 -7.62912
-7.06596 -7.60908
-7.07395 -7.58918
-7.08168 -7.56941
-7.08914 -7.54977
-7.09634 -7.53028
-7.1033 -7.51093
-7.11001 -7.49173
-7.11649 -7.47267
-7.12273 -7.45377
-7.12874 -7.43503
-7.13453 -7.41644
-7.1401 -7.398
-7.14546 -7.37973
-7.15062 -7.36162
-7.15557 -7.34367
-7.16032 -7.32589
-7.16489 -7.30827
-7.16926 -7.29081
-7.17346 -7.27353
-7.17747 -7.25641
-7.18132 -7.23946
-7.18499 -7.22268
-7.18851 -7.20607
-7.19186 -7.18963
-7.19506 -7.17336
-7.1981 -7.15726
-7.201 -7.14133
-7.20376 -7.12557
-7.20638 -7.10998
-7.20886 -7.09456
-7.21122 -7.07932
-7.21344 -7.06423
-7.21555 -7.04932
-7.21753 -7.03458
-7.2194 -7.02
-7.22115 -7.0056
-7.22279 -6.99135
-7.22433 -6.97728
-7.22577 -6.96337
-7.2271 -6.94962
-7.22834 -6.93603
-7.22948 -6.92261
-7.23054 -6.90935
-7.2315 -6.89625
-7.23238 -6.88331
-7.23317 -6.87053
-7.23389 -6.85791
-7.23452 -6.84544
-7.23509 -6.83312
-7.23558 -6.82096
-7.23599 -6.80896
-7.23634 -6.7971
-7.23663 -6.7854
-7.23685 -6.77384
-7.23701 -6.76243
-7.2371 -6.75117
-7.23714 -6.74006
-7.23713 -6.72908
-7.23706 -6.71825
-7.23694 -6.70757
-7.23677 -6.69702
-7.23654 -6.68661
-7.23628 -6.67634
-7.23596 -6.6662
-7.23561 -6.6562
-7.23521 -6.64634
-7.23477 -6.6366
-7.23429 -6.627
-7.23377 -6.61752
-7.23321 -6.60818
-7.23262 -6.59896
-7.232 -6.58987
-7.23134 -6.5809
-7.23066 -6.57205
-7.22994 -6.56333
-7.22919 -6.55472
-7.22841 -6.54624
-7.22761 -6.53787
-7.22678 -6.52962
-7.22592 -6.52149
-7.22504 -6.51346
-7.22414 -6.50555
-7.22322 -6.49776
-7.22227 -6.49007
-7.2213 -6.48249
-7.22031 -6.47502
-7.21931 -6.46765
-7.21828 -6.46039
-7.21724 -6.45324
-7.21618 -6.44618
-7.21511 -6.43923
-7.21401 -6.43238
-7.21291 -6.42563
-7.21179 -6.41897
-7.21065 -6.41242
-7.20951 -6.40596
-7.20835 -6.39959
-7.20718 -6.39331
-7.20599 -6.38713
-7.2048 -6.38104
-7.2036 -6.37504
-7.20238 -6.36913
-7.20116 -6.3633
-7.19993 -6.35757
-7.19868 -6.35192
-7.19744 -6.34635
-7.19618 -6.34087
-7.19491 -6.33547
-7.19364 -6.33015
-7.19236 -6.32491
-7.19108 -6.31975
-7.18979 -6.31467
-7.18849 -6.30967
-7.18719 -6.30474
-7.18588 -6.29989
-7.18457 -6.29512
-7.18325 -6.29042
-7.18193 -6.28579
-7.18061 -6.28123
-7.17928 -6.27675
-7.17794 -6.27233
-7.17661 -6.26799
-7.17527 -6.26371
-7.17393 -6.2595
-7.17258 -6.25536
-7.17124 -6.25128
-7.16989 -6.24727
-7.16853 -6.24332
-7.16718 -6.23943
-7.16583 -6.23561
-7.16447 -6.23185
-7.16311 -6.22815
-7.16175 -6.22452
-7.16039 -6.22094
-7.15903 -6.21742
-7.15766 -6.21395
-7.1563 -6.21055
-7.15494 -6.2072
-7.15357 -6.20391
-7.1522 -6.20067
-7.15084 -6.19748
-7.14947 -6.19435
-7.14811 -6.19128
-7.14674 -6.18825
-7.14537 -6.18528
-7.14401 -6.18236
-7.14264 -6.17949
-7.14127 -6.17666
-7.13991 -6.17389
-7.13854 -6.17116
-7.13718 -6.16849
-7.13581 -6.16586
-7.13445 -6.16327
-7.13309 -6.16073
-7.13173 -6.15824
-7.13036 -6.15579
-7.129 -6.15339
-7.12764 -6.15103
-7.12628 -6.14871
-7.12493 -6.14644
-7.12357 -6.1442
-7.12221 -6.14201
-7.12086 -6.13986
-7.11951 -6.13775
-7.11815 -6.13568
-7.1168 -6.13365
-7.11545 -6.13165
-7.1141 -6.1297
-7.11275 -6.12778
-7.11141 -6.1259
-7.11006 -6.12406
-7.10872 -6.12225
-7.10738 -6.12048
-7.10603 -6.11874
-7.10469 -6.11704
-7.10336 -6.11537
-7.10202 -6.11374
-7.10068 -6.11214
-7.09935 -6.11057
-7.09802 -6.10904
-7.09669 -6.10754
-7.09536 -6.10606
-7.09403 -6.10463
-7.0927 -6.10322
-7.09138 -6.10184
-7.09005 -6.10049
-7.08873 -6.09917
-7.08741 -6.09788
-7.08609 -6.09662
-7.08478 -6.09539
-7.08346 -6.09419
-7.08215 -6.09301
-7.08083 -6.09187
-7.07952 -6.09074
-7.07821 -6.08965
-7.07691 -6.08858
-7.0756 -6.08754
-7.07429 -6.08652
-7.07299 -6.08553
-7.07169 -6.08456
-7.07039 -6.08362
-7.06909 -6.08271
-7.0678 -6.08181
-7.0665 -6.08094
-7.06521 -6.0801
-7.06392 -6.07927
-7.06263 -6.07847
-7.06134 -6.07769
-7.06005 -6.07694
-7.05877 -6.0762
-7.05748 -6.07549
-7.0562 -6.0748
-7.05492 -6.07412
-7.05364 -6.07347
-7.05236 -6.07284
-7.05109 -6.07223
-7.04981 -6.07164
-7.04854 -6.07107
-7.04727 -6.07052
-7.046 -6.06999
-7.04473 -6.06948
-7.04347 -6.06898
-7.0422 -6.06851
-7.04094 -6.06805
-7.03968 -6.06761
-7.03842 -6.06718
-7.03716 -6.06678
-7.03591 -6.06639
-7.03465 -6.06602
-7.0334 -6.06566
-7.03215 -6.06532
-7.0309 -6.065
-7.02965 -6.06469
-7.0284 -6.0644
-7.02715 -6.06413
-7.02591 -6.06387
-7.02467 -6.06362
-7.02343 -6.06339
-7.02219 -6.06318
-7.02095 -6.06298
-7.01972 -6.06279
-7.01848 -6.06262
-7.01725 -6.06246
-7.01602 -6.06232
-7.01479 -6.06218
-7.01356 -6.06207
-7.01233 -6.06196
-7.01111 -6.06187
-7.00988 -6.06179
-7.00866 -6.06173
-7.00744 -6.06167
-7.00622 -6.06163
-7.005 -6.0616
-7.00379 -6.06158
-7.00257 -6.06158
-7.00136 -6.06158
-7.00015 -6.0616
-6.99894 -6.06163
-6.99773 -6.06167
-6.99652 -6.06172
-6.99532 -6.06178
-6.99412 -6.06186
-6.99291 -6.06194
-6.99171 -6.06203
-6.99051 -6.06214
-6.98932 -6.06225
-6.98812 -6.06238
-6.98692 -6.06251
-6.98573 -6.06265
-6.98454 -6.06281
-6.98335 -6.06297
-6.98216 -6.06314
-6.98097 -6.06332
-6.97979 -6.06352
-6.97861 -6.06371
-6.97742 -6.06392
-6.97624 -6.06414
-6.97506 -6.06437
-6.97389 -6.0646
-6.97271 -6.06484
-6.97153 -6.06509
-6.97036 -6.06535
-6.96919 -6.06562
-6.96802 -6.06589
-6.96685 -6.06617
-6.96568 -6.06646
-6.96452 -6.06676
-6.96335 -6.06707
-6.96219 -6.06738
-6.96103 -6.0677
-6.95987 -6.06802
-6.95871 -6.06836
-6.95756 -6.0687
-6.9564 -6.06905
-6.95525 -6.0694
-6.95409 -6.06976
-6.95294 -6.07013
-6.9518 -6.0705
-6.95065 -6.07088
-6.9495 -6.07127
-6.94836 -6.07166
-6.94722 -6.07206
-6.94607 -6.07247
-6.94493 -6.07288
-6.9438 -6.07329
-6.94266 -6.07372
-6.94152 -6.07414
-6.94039 -6.07458
-6.93926 -6.07502
-6.93813 -6.07546
-6.937 -6.07591
-6.93587 -6.07637
-6.93475 -6.07683
-6.93362 -6.07729
-6.9325 -6.07777
-6.93138 -6.07824
-6.93026 -6.07872
-6.92914 -6.07921
-6.92802 -6.0797
-6.92691 -6.08019
-6.92579 -6.08069
-6.92468 -6.0812
-6.92357 -6.08171
-6.92246 -6.08222
-6.92135 -6.08274
-6.92025 -6.08326
-6.91914 -6.08379
-6.91804 -6.08432
-6.91694 -6.08485
-6.91584 -6.08539
-6.91474 -6.08593
-6.91365 -6.08648
-6.91255 -6.08703
-6.91146 -6.08758
-6.91037 -6.08814
-6.90928 -6.0887
-6.90819 -6.08927
-6.9071 -6.08984
-6.90601 -6.09041
-6.90493 -6.09099
-6.90385 -6.09157
-6.90277 -6.09215
-6.90169 -6.09274
-6.90061 -6.09333
-6.89953 -6.09392
-6.89846 -6.09452
-6.89739 -6.09512
-6.89631 -6.09572
-6.89524 -6.09633
-6.89418 -6.09694
-6.89311 -6.09755
-6.89204 -6.09816
-6.89098 -6.09878
-6.88992 -6.0994
-6.88886 -6.10002
-6.8878 -6.10065
-6.88674 -6.10128
-6.88569 -6.10191
-6.88463 -6.10254
-6.88358 -6.10318
-6.88253 -6.10382
-6.88148 -6.10446
-6.88043 -6.10511
-6.87939 -6.10575
-6.87834 -6.1064
-6.8773 -6.10706
-6.87626 -6.10771
-6.87522 -6.10837
-6.87418 -6.10902
-6.87314 -6.10969
-6.87211 -6.11035
-6.87108 -6.11101
-6.87004 -6.11168
-6.86901 -6.11235
-6.86799 -6.11302
-6.86696 -6.1137
-6.86593 -6.11437
-6.86491 -6.11505
-6.86389 -6.11573
-6.86287 -6.11641
-6.86185 -6.11709
-6.86083 -6.11778
-6.85982 -6.11847
-6.8588 -6.11916
-6.85779 -6.11985
-6.85678 -6.12054
-6.85577 -6.12123
-6.85476 -6.12193
-6.85376 -6.12263
-6.85275 -6.12333
-6.85175 -6.12403
-6.85075 -6.12473
-6.84975 -6.12543
-6.84875 -6.12614
-6.84775 -6.12685
-6.84676 -6.12755
-6.84577 -6.12826
-6.84477 -6.12898
-6.84378 -6.12969
-6.8428 -6.1304
-6.84181 -6.13112
-6.84083 -6.13184
-6.83984 -6.13255
-6.83886 -6.13327
-6.83788 -6.13399
-6.8369 -6.13472
-6.83593 -6.13544
-6.83495 -6.13617
-6.83398 -6.13689
-6.833 -6.13762
-6.83203 -6.13835
-6.83107 -6.13908
-6.8301 -6.13981
-6.82913 -6.14054
-6.82817 -6.14127
-6.82721 -6.14201
-6.82625 -6.14274
-6.82529 -6.14348
-6.82433 -6.14422
-6.82337 -6.14495
-6.82242 -6.14569
-6.82147 -6.14643
-6.82052 -6.14718
-6.81957 -6.14792
-6.81862 -6.14866
-6.81767 -6.1494
-6.81673 -6.15015
-6.81579 -6.1509
-6.81485 -6.15164
-6.81391 -6.15239
-6.81297 -6.15314
-6.81203 -6.15389
-6.8111 -6.15464
-6.81017 -6.15539
-6.80923 -6.15614
-6.8083 -6.15689
-6.80738 -6.15765
-6.80645 -6.1584
-6.80553 -6.15916
-6.8046 -6.15991
-6.80368 -6.16067
-6.80276 -6.16143
-6.80184 -6.16218
-6.80093 -6.16294
-6.80001 -6.1637
-6.7991 -6.16446
-6.79819 -6.16522
-6.79727 -6.16598
-6.79637 -6.16675
-6.79546 -6.16751
-6.79455 -6.16827
-6.79365 -6.16904
-6.79275 -6.1698
-6.79185 -6.17056
-6.79095 -6.17133
-6.79005 -6.1721
-6.78916 -6.17286
-6.78826 -6.17363
-6.78737 -6.1744
-6.78648 -6.17517
-6.78559 -6.17594
-6.7847 -6.1767
-6.78381 -6.17747
-6.78293 -6.17824
-6.78205 -6.17902
-6.78117 -6.17979
-6.78029 -6.18056
-6.77941 -6.18133
-6.77853 -6.1821
-6.77766 -6.18288
-6.77678 -6.18365
-6.77591 -6.18443
-6.77504 -6.1852
-6.77417 -6.18598
-6.77331 -6.18675
-6.77244 -6.18753
-6.77158 -6.1883
-6.77072 -6.18908
-6.76985 -6.18986
-6.769 -6.19063
-6.76814 -6.19141
-6.76728 -6.19219
-6.76643 -6.19297
-6.76558 -6.19375
-6.76473 -6.19453
-6.76388 -6.19531
-6.76303 -6.19609
-6.76218 -6.19687
-6.76134 -6.19765
-6.76049 -6.19843
-6.75965 -6.19921
-6.75881 -6.19999
-6.75797 -6.20078
-6.75714 -6.20156
-6.7563 -6.20234
-6.75547 -6.20313
-6.75464 -6.20391
-6.75381 -6.20469
-6.75298 -6.20548
-6.75215 -6.20626
-6.75132 -6.20705
-6.7505 -6.20783
-6.74968 -6.20862
-6.74885 -6.2094
-6.74804 -6.21019
-6.74722 -6.21097
-6.7464 -6.21176
-6.74559 -6.21255
-6.74477 -6.21333
-6.74396 -6.21412
-6.74315 -6.21491
-6.74234 -6.2157
-6.74153 -6.21648
-6.74073 -6.21727
-6.73992 -6.21806
-6.73912 -6.21885
-6.73832 -6.21964
-6.73752 -6.22043
-6.73672 -6.22122
-6.73593 -6.22201
-6.73513 -6.2228
-6.73434 -6.22359
-6.73354 -6.22438
-6.73275 -6.22517
-6.73197 -6.22596
-6.73118 -6.22675
-6.73039 -6.22754
-6.72961 -6.22833
-6.72882 -6.22912
-6.72804 -6.22992
-6.72726 -6.23071
-6.72648 -6.2315
-6.72571 -6.23229
-6.72493 -6.23309
-6.72416 -6.23388
-6.72339 -6.23467
-6.72261 -6.23546
-6.72184 -6.23626
-6.72108 -6.23705
-6.72031 -6.23785
-6.71955 -6.23864
-6.71878 -6.23943
-6.71802 -6.24023
-6.71726 -6.24102
-6.7165 -6.24182
-6.71574 -6.24261
-6.71499 -6.24341
-6.71423 -6.2442
-6.71348 -6.245
-6.71273 -6.2458
-6.71198 -6.24659
-6.71123 -6.24739
-6.71048 -6.24818
-6.70973 -6.24898
-6.70899 -6.24978
-6.70825 -6.25057
-6.7075 -6.25137
-6.70676 -6.25217
-6.70602 -6.25297
-6.70529 -6.25376
-6.70455 -6.25456
-6.70382 -6.25536
-6.70308 -6.25616
-6.70235 -6.25696
-6.70162 -6.25776
-6.70089 -6.25855
-6.70016 -6.25935
-6.69944 -6.26015
-6.69871 -6.26095
-6.69799 -6.26175
-6.69727 -6.26255
-6.69655 -6.26335
-6.69583 -6.26415
-6.69511 -6.26495
-6.6944 -6.26575
-6.69368 -6.26655
-6.69297 -6.26735
-6.69226 -6.26815
-6.69155 -6.26895
-6.69084 -6.26975
-6.69013 -6.27055
-6.68942 -6.27136
-6.68872 -6.27216
-6.68801 -6.27296
-6.68731 -6.27376
-6.68661 -6.27456
-6.68591 -6.27537
-6.68521 -6.27617
-6.68451 -6.27697
-6.68382 -6.27777
-6.68312 -6.27858
-6.68243 -6.27938
-6.68174 -6.28018
-6.68105 -6.28099
-6.68036 -6.28179
-6.67967 -6.28259
-6.67899 -6.2834
-6.6783 -6.2842
-6.67762 -6.285
-6.67694 -6.28581
-6.67625 -6.28661
-6.67558 -6.28742
-6.6749 -6.28822
-6.67422 -6.28903
-6.67354 -6.28983
-6.67287 -6.29064
-6.6722 -6.29144
-6.67152 -6.29225
-6.67085 -6.29306
-6.67019 -6.29386
-6.66952 -6.29467
-6.66885 -6.29547
-6.66819 -6.29628
-6.66752 -6.29709
-6.66686 -6.29789
-6.6662 -6.2987
-6.66554 -6.29951
-6.66488 -6.30032
-6.66422 -6.30112
-6.66356 -6.30193
-6.66291 -6.30274
-6.66225 -6.30355
-6.6616 -6.30436
-6.66095 -6.30516
-6.6603 -6.30597
-6.65965 -6.30678
-6.659 -6.30759
-6.65836 -6.3084
-6.65771 -6.30921
-6.65707 -6.31002
-6.65642 -6.31083
-6.65578 -6.31164
-6.65514 -6.31245
-6.6545 -6.31326
-6.65387 -6.31407
-6.65323 -6.31488
-6.65259 -6.31569
-6.65196 -6.3165
-6.65133 -6.31731
-6.65069 -6.31812
-6.65006 -6.31893
-6.64943 -6.31975
-6.64881 -6.32056
-6.64818 -6.32137
-6.64755 -6.32218
-6.64693 -6.32299
-6.6463 -6.32381
-6.64568 -6.32462
-6.64506 -6.32543
-6.64444 -6.32624
-6.64382 -6.32706
-6.6432 -6.32787
-6.64259 -6.32868
-6.64197 -6.3295
-6.64136 -6.33031
-6.64075 -6.33113
-6.64013 -6.33194
-6.63952 -6.33275
-6.63891 -6.33357
-6.6383 -6.33438
-6.6377 -6.3352
-6.63709 -6.33601
-6.63649 -6.33683
-6.63588 -6.33764
-6.63528 -6.33846
-6.63468 -6.33928
-6.63408 -6.34009
-6.63348 -6.34091
-6.63288 -6.34172
-6.63228 -6.34254
-6.63168 -6.34336
-6.63109 -6.34417
-6.63049 -6.34499
-6.6299 -6.34581
-6.62931 -6.34663
-6.62872 -6.34744
-6.62813 -6.34826
-6.62754 -6.34908
-6.62695 -6.3499
-6.62637 -6.35071
-6.62578 -6.35153
-6.6252 -6.35235
-6.62461 -6.35317
-6.62403 -6.35399
-6.62345 -6.35481
-6.62287 -6.35563
-6.62229 -6.35645
-6.62171 -6.35727
-6.62114 -6.35809
-6.62056 -6.35891
-6.61998 -6.35973
-6.61941 -6.36055
-6.61884 -6.36137
-6.61827 -6.36219
-6.6177 -6.36301
-6.61713 -6.36383
-6.61656 -6.36465
-6.61599 -6.36547
-6.61542 -6.3663
-6.61486 -6.36712
-6.61429 -6.36794
-6.61373 -6.36876
-6.61316 -6.36959
-6.6126 -6.37041
-6.61204 -6.37123
-6.61148 -6.37205
-6.61092 -6.37288
-6.61037 -6.3737
-6.60981 -6.37452
-6.60925 -6.37535
-6.6087 -6.37617
-6.60814 -6.377
-6.60759 -6.37782
-6.60704 -6.37864
-6.60649 -6.37947
-6.60594 -6.38029
-6.60539 -6.38112
-6.60484 -6.38194
-6.60429 -6.38277
-6.60375 -6.38359
-6.6032 -6.38442
-6.60266 -6.38524
-6.60211 -6.38607
-6.60157 -6.3869
-6.60103 -6.38772
-6.60049 -6.38855
-6.59995 -6.38938
-6.59941 -6.3902
-6.59887 -6.39103
-6.59834 -6.39186
-6.5978 -6.39268
-6.59727 -6.39351
-6.59673 -6.39434
-6.5962 -6.39517
-6.59567 -6.396
-6.59513 -6.39682
-6.5946 -6.39765
-6.59407 -6.39848
-6.59354 -6.39931
-6.59302 -6.40014
-6.59249 -6.40097
-6.59196 -6.4018
-6.59144 -6.40263
-6.59091 -6.40345
-6.59039 -6.40428
-6.58987 -6.40511
-6.58935 -6.40594
-6.58882 -6.40677
-6.5883 -6.4076
-6.58778 -6.40844
-6.58727 -6.40927
-6.58675 -6.4101
-6.58623 -6.41093
-6.58572 -6.41176
-6.5852 -6.41259
-6.58469 -6.41342
-6.58417 -6.41425
-6.58366 -6.41508
-6.58315 -6.41592
-6.58264 -6.41675
-6.58213 -6.41758
-6.58162 -6.41841
-6.58111 -6.41925
-6.5806 -6.42008
-6.5801 -6.42091
-6.57959 -6.42174
-6.57909 -6.42258
-6.57858 -6.42341
-6.57808 -6.42424
-6.57758 -6.42508
-6.57707 -6.42591
-6.57657 -6.42674
-6.57607 -6.42758
-6.57557 -6.42841
-6.57507 -6.42925
-6.57458 -6.43008
-6.57408 -6.43092
-6.57358 -6.43175
-6.57309 -6.43258
-6.57259 -6.43342
-6.5721 -6.43425
-6.5716 -6.43509
-6.57111 -6.43593
-6.57062 -6.43676
-6.57013 -6.4376
-6.56964 -6.43843
-6.56915 -6.43927
-6.56866 -6.4401
-6.56817 -6.44094
-6.56769 -6.44178
-6.5672 -6.44261
-6.56671 -6.44345
-6.56623 -6.44429
-6.56574 -6.44512
-6.56526 -6.44596
-6.56478 -6.4468
-6.5643 -6.44763
-6.56381 -6.44847
-6.56333 -6.44931
-6.56285 -6.45015
-6.56238 -6.45098
-6.5619 -6.45182
-6.56142 -6.45266
-6.56094 -6.4535
-6.56047 -6.45434
-6.55999 -6.45517
-6.55952 -6.45601
-6.55904 -6.45685
-6.55857 -6.45769
-6.5581 -6.45853
-6.55762 -6.45937
-6.55715 -6.46021
-6.55668 -6.46105
-6.55621 -6.46188
-6.55574 -6.46272
-6.55527 -6.46356
-6.55481 -6.4644
-6.55434 -6.46524
-6.55387 -6.46608
-6.55341 -6.46692
-6.55294 -6.46776
-6.55248 -6.4686
-6.55201 -6.46944
-6.55155 -6.47028
-6.55109 -6.47112
-6.55063 -6.47196
-6.55016 -6.4728
-6.5497 -6.47364
-6.54924 -6.47448
-6.54878 -6.47532
-6.54833 -6.47616
-6.54787 -6.47701
-6.54741 -6.47785
-6.54695 -6.47869
-6.5465 -6.47953
-6.54604 -6.48037
-6.54559 -6.48121
-6.54513 -6.48205
-6.54468 -6.48289
-6.54423 -6.48374
-6.54378 -6.48458
-6.54332 -6.48542
-6.54287 -6.48626
-6.54242 -6.4871
-6.54197 -6.48794
-6.54153 -6.48879
-6.54108 -6.48963
-6.54063 -6.49047
-6.54018 -6.49131
-6.53974 -6.49215
-6.53929 -6.493
-6.53884 -6.49384
-6.5384 -6.49468
-6.53796 -6.49552
-6.53751 -6.49637
-6.53707 -6.49721
-6.53663 -6.49805
-6.53619 -6.49889
-6.53574 -6.49974
-6.5353 -6.50058
-6.53486 -6.50142
-6.53442 -6.50227
-6.53399 -6.50311
-6.53355 -6.50395
-6.53311 -6.5048
-6.53267 -6.50564
-6.53224 -6.50648
-6.5318 -6.50732
-6.53137 -6.50817
-6.53093 -6.50901
-6.5305 -6.50985
-6.53006 -6.5107
-6.52963 -6.51154
-6.5292 -6.51238
-6.52877 -6.51323
-6.52833 -6.51407
-6.5279 -6.51492
-6.52747 -6.51576
-6.52704 -6.5166
-6.52662 -6.51745
-6.52619 -6.51829
-6.52576 -6.51913
-6.52533 -6.51998
-6.5249 -6.52082
-6.52448 -6.52167
-6.52405 -6.52251
-6.52363 -6.52335
-6.5232 -6.5242
-6.52278 -6.52504
-6.52236 -6.52588
-6.52193 -6.52673
-6.52151 -6.52757
-6.52109 -6.52842
-6.52067 -6.52926
-6.52025 -6.5301
-6.51982 -6.53095
-6.5194 -6.53179
-6.51899 -6.53264
-6.51857 -6.53348
-6.51815 -6.53432
-6.51773 -6.53517
-6.51731 -6.53601
-6.5169 -6.53686
-6.51648 -6.5377
-6.51606 -6.53854
-6.51565 -6.53939
-6.51523 -6.54023
-6.51482 -6.54108
-6.51441 -6.54192
-6.51399 -6.54276
-6.51358 -6.54361
-6.51317 -6.54445
-6.51276 -6.5453
-6.51235 -6.54614
-6.51193 -6.54698
-6.51152 -6.54783
-6.51111 -6.54867
-6.51071 -6.54952
-6.5103 -6.55036
-6.50989 -6.5512
-6.50948 -6.55205
-6.50907 -6.55289
-6.50867 -6.55373
-6.50826 -6.55458
-6.50785 -6.55542
-6.50745 -6.55627
-6.50704 -6.55711
-6.50664 -6.55795
-6.50624 -6.5588
-6.50583 -6.55964
-6.50543 -6.56048
-6.50503 -6.56133
-6.50462 -6.56217
-6.50422 -6.56301
-6.50382 -6.56386
-6.50342 -6.5647
-6.50302 -6.56554
-6.50262 -6.56639
-6.50222 -6.56723
-6.50182 -6.56807
-6.50142 -6.56892
-6.50103 -6.56976
-6.50063 -6.5706
-6.50023 -6.57144
-6.49983 -6.57229
-6.49944 -6.57313
-6.49904 -6.57397
-6.49865 -6.57482
-6.49825 -6.57566
-6.49786 -6.5765
-6.49746 -6.57734
-6.49707 -6.57819
-6.49668 -6.57903
-6.49628 -6.57987
-6.49589 -6.58071
-6.4955 -6.58156
-6.49511 -6.5824
-6.49472 -6.58324
-6.49433 -6.58408
-6.49394 -6.58492
-6.49355 -6.58577
-6.49316 -6.58661
-6.49277 -6.58745
-6.49238 -6.58829
-6.49199 -6.58913
-6.4916 -6.58997
-6.49122 -6.59082
-6.49083 -6.59166
-6.49044 -6.5925
-6.49006 -6.59334
-6.48967 -6.59418
-6.48929 -6.59502
-6.4889 -6.59586
-6.48852 -6.5967
-6.48813 -6.59754
-6.48775 -6.59838
-6.48737 -6.59923
-6.48698 -6.60007
-6.4866 -6.60091
-6.48622 -6.60175
-6.48584 -6.60259
-6.48546 -6.60343
-6.48508 -6.60427
-6.48469 -6.60511
-6.48431 -6.60595
-6.48394 -6.60679
-6.48356 -6.60763
-6.48318 -6.60847
-6.4828 -6.6093
-6.48242 -6.61014
-6.48204 -6.61098
-6.48166 -6.61182
-6.48129 -6.61266
-6.48091 -6.6135
-6.48053 -6.61434
-6.48016 -6.61518
-6.47978 -6.61602
-6.47941 -6.61685
-6.47903 -6.61769
-6.47866 -6.61853
-6.47828 -6.61937
-6.47791 -6.62021
-6.47754 -6.62104
-6.47716 -6.62188
-6.47679 -6.62272
-6.47642 -6.62356
-6.47605 -6.62439
-6.47568 -6.62523
-6.4753 -6.62607
-6.47493 -6.62691
-6.47456 -6.62774
-6.47419 -6.62858
-6.47382 -6.62942
-6.47345 -6.63025
-6.47308 -6.63109
-6.47272 -6.63193
-6.47235 -6.63276
-6.47198 -6.6336
-6.47161 -6.63443
-6.47124 -6.63527
-6.47088 -6.6361
-6.47051 -6.63694
-6.47014 -6.63777
-6.46978 -6.63861
-6.46941 -6.63944
-6.46905 -6.64028
-6.46868 -6.64111
-6.46832 -6.64195
-6.46795 -6.64278
-6.46759 -6.64362
-6.46722 -6.64445
-6.46686 -6.64528
-6.4665 -6.64612
-6.46613 -6.64695
-6.46577 -6.64779
-6.46541 -6.64862
-6.46505 -6.64945
-6.46469 -6.65028
-6.46432 -6.65112
-6.46396 -6.65195
-6.4636 -6.65278
-6.46324 -6.65362
-6.46288 -6.65445
-6.46252 -6.65528
-6.46216 -6.65611
-6.4618 -6.65694
-6.46144 -6.65777
-6.46109 -6.65861
-6.46073 -6.65944
-6.46037 -6.66027
-6.46001 -6.6611
-6.45965 -6.66193
-6.4593 -6.66276
-6.45894 -6.66359
-6.45858 -6.66442
-6.45823 -6.66525
-6.45787 -6.66608
-6.45752 -6.66691
-6.45716 -6.66774
-6.4568 -6.66857
-6.45645 -6.6694
-6.4561 -6.67023
-6.45574 -6.67106
-6.45539 -6.67188
-6.45503 -6.67271
-6.45468 -6.67354
-6.45433 -6.67437
-6.45397 -6.6752
-6.45362 -6.67602
-6.45327 -6.67685
-6.45292 -6.67768
-6.45256 -6.67851
-6.45221 -6.67933
-6.45186 -6.68016
-6.45151 -6.68099
-6.45116 -6.68181
-6.45081 -6.68264
-6.45046 -6.68346
-6.45011 -6.68429
-6.44976 -6.68512
-6.44941 -6.68594
-6.44906 -6.68677
-6.44871 -6.68759
-6.44836 -6.68842
-6.44801 -6.68924
-6.44766 -6.69006
-6.44732 -6.69089
-6.44697 -6.69171
-6.44662 -6.69254
-6.44627 -6.69336
-6.44593 -6.69418
-6.44558 -6.69501
-6.44523 -6.69583
-6.44489 -6.69665
-6.44454 -6.69747
-6.44419 -6.6983
-6.44385 -6.69912
-6.4435 -6.69994
-6.44316 -6.70076
-6.44281 -6.70158
-6.44247 -6.70241
-6.44212 -6.70323
-6.44178 -6.70405
-6.44143 -6.70487
-6.44109 -6.70569
-6.44075 -6.70651
-6.4404 -6.70733
-6.44006 -6.70815
-6.43972 -6.70897
-6.43937 -6.70979
-6.43903 -6.71061
-6.43869 -6.71143
-6.43835 -6.71224
-6.438 -6.71306
-6.43766 -6.71388
-6.43732 -6.7147
-6.43698 -6.71552
-6.43664 -6.71633
-6.4363 -6.71715
-6.43596 -6.71797
-6.43561 -6.71879
-6.43527 -6.7196
-6.43493 -6.72042
-6.43459 -6.72123
-6.43425 -6.72205
-6.43391 -6.72287
-6.43357 -6.72368
-6.43323 -6.7245
-6.4329 -6.72531
-6.43256 -6.72613
-6.43222 -6.72694
-6.43188 -6.72776
-6.43154 -6.72857
-6.4312 -6.72938
-6.43086 -6.7302
-6.43053 -6.73101
-6.43019 -6.73182
-6.42985 -6.73264
-6.42951 -6.73345
-6.42918 -6.73426
-6.42884 -6.73508
-6.4285 -6.73589
-6.42816 -6.7367
-6.42783 -6.73751
-6.42749 -6.73832
-6.42716 -6.73913
-6.42682 -6.73994
-6.42648 -6.74075
-6.42615 -6.74157
-6.42581 -6.74238
-6.42548 -6.74319
-6.42514 -6.74399
-6.4248 -6.7448
-6.42447 -6.74561
-6.42413 -6.74642
-6.4238 -6.74723
-6.42346 -6.74804
-6.42313 -6.74885
-6.4228 -6.74966
-6.42246 -6.75046
-6.42213 -6.75127
-6.42179 -6.75208
-6.42146 -6.75288
-6.42113 -6.75369
-6.42079 -6.7545
-6.42046 -6.7553
-6.42012 -6.75611
-6.41979 -6.75692
-6.41946 -6.75772
-6.41912 -6.75853
-6.41879 -6.75933
-6.41846 -6.76014
-6.41813 -6.76094
-6.41779 -6.76174
-6.41746 -6.76255
-6.41713 -6.76335
-6.4168 -6.76416
-6.41646 -6.76496
-6.41613 -6.76576
-6.4158 -6.76656
-6.41547 -6.76737
-6.41514 -6.76817
-6.4148 -6.76897
-6.41447 -6.76977
-6.41414 -6.77057
-6.41381 -6.77138
-6.41348 -6.77218
-6.41315 -6.77298
-6.41282 -6.77378
-6.41249 -6.77458
-6.41215 -6.77538
-6.41182 -6.77618
-6.41149 -6.77698
-6.41116 -6.77778
-6.41083 -6.77857
-6.4105 -6.77937
-6.41017 -6.78017
-6.40984 -6.78097
-6.40951 -6.78177
-6.40918 -6.78256
-6.40885 -6.78336
-6.40852 -6.78416
-6.40819 -6.78496
-6.40786 -6.78575
-6.40753 -6.78655
-6.4072 -6.78734
-6.40687 -6.78814
-6.40654 -6.78893
-6.40621 -6.78973
-6.40588 -6.79052
-6.40555 -6.79132
-6.40522 -6.79211
-6.40489 -6.79291
-6.40456 -6.7937
-6.40423 -6.7945
-6.4039 -6.79529
-6.40357 -6.79608
-6.40325 -6.79687
-6.40292 -6.79767
-6.40259 -6.79846
-6.40226 -6.79925
-6.40193 -6.80004
-6.4016 -6.80083
-6.40127 -6.80163
-6.40094 -6.80242
-6.40061 -6.80321
-6.40028 -6.804
-6.39995 -6.80479
-6.39963 -6.80558
-6.3993 -6.80637
-6.39897 -6.80716
-6.39864 -6.80795
-6.39831 -6.80873
-6.39798 -6.80952
-6.39765 -6.81031
-6.39732 -6.8111
-6.397 -6.81189
-6.39667 -6.81267
-6.39634 -6.81346
-6.39601 -6.81425
-6.39568 -6.81503
-6.39535 -6.81582
-6.39502 -6.81661
-6.39469 -6.81739
-6.39436 -6.81818
-6.39404 -6.81896
-6.39371 -6.81975
-6.39338 -6.82053
-6.39305 -6.82132
-6.39272 -6.8221
-6.39239 -6.82289
-6.39206 -6.82367
-6.39173 -6.82445
-6.3914 -6.82524
-6.39108 -6.82602
-6.39075 -6.8268
-6.39042 -6.82758
-6.39009 -6.82837
-6.38976 -6.82915
-6.38943 -6.82993
-6.3891 -6.83071
-6.38877 -6.83149
-6.38844 -6.83227
-6.38811 -6.83305
-6.38778 -6.83383
-6.38745 -6.83461
-6.38713 -6.83539
-6.3868 -6.83617
-6.38647 -6.83695
-6.38614 -6.83773
-6.38581 -6.83851
-6.38548 -6.83929
-6.38515 -6.84006
-6.38482 -6.84084
-6.38449 -6.84162
-6.38416 -6.8424
-6.38383 -6.84317
-6.3835 -6.84395
-6.38317 -6.84473
-6.38284 -6.8455
-6.38251 -6.84628
-6.38218 -6.84706
-6.38185 -6.84783
-6.38152 -6.84861
-6.38119 -6.84938
-6.38086 -6.85015
-6.38052 -6.85093
-6.38019 -6.8517
-6.37986 -6.85248
-6.37953 -6.85325
-6.3792 -6.85402
-6.37887 -6.8548
-6.37854 -6.85557
-6.37821 -6.85634
-6.37787 -6.85711
-6.37754 -6.85789
-6.37721 -6.85866
-6.37688 -6.85943
-6.37655 -6.8602
-6.37622 -6.86097
-6.37588 -6.86174
-6.37555 -6.86251
-6.37522 -6.86328
-6.37489 -6.86405
-6.37455 -6.86482
-6.37422 -6.86559
-6.37389 -6.86636
-6.37356 -6.86713
-6.37322 -6.8679
-6.37289 -6.86867
-6.37256 -6.86943
-6.37222 -6.8702
-6.37189 -6.87097
-6.37155 -6.87174
-6.37122 -6.8725
-6.37089 -6.87327
-6.37055 -6.87404
-6.37022 -6.8748
-6.36988 -6.87557
-6.36955 -6.87633
-6.36921 -6.8771
-6.36888 -6.87786
-6.36854 -6.87863
-6.36821 -6.87939
-6.36787 -6.88016
-6.36754 -6.88092
-6.3672 -6.88169
-6.36686 -6.88245
-6.36653 -6.88321
-6.36619 -6.88398
-6.36586 -6.88474
-6.36552 -6.8855
-6.36518 -6.88626
-6.36484 -6.88703
-6.36451 -6.88779
-6.36417 -6.88855
-6.36383 -6.88931
-6.36349 -6.89007
-6.36316 -6.89083
-6.36282 -6.89159
-6.36248 -6.89235
-6.36214 -6.89311
-6.3618 -6.89387
-6.36146 -6.89463
-6.36112 -6.89539
-6.36078 -6.89615
-6.36044 -6.89691
-6.3601 -6.89767
-6.35976 -6.89843
-6.35942 -6.89918
-6.35908 -6.89994
-6.35874 -6.9007
-6.3584 -6.90146
-6.35806 -6.90221
-6.35772 -6.90297
-6.35738 -6.90373
-6.35703 -6.90448
-6.35669 -6.90524
-6.35635 -6.90599
-6.35601 -6.90675
-6.35566 -6.90751
-6.35532 -6.90826
-6.35498 -6.90902
-6.35463 -6.90977
-6.35429 -6.91052
-6.35394 -6.91128
-6.3536 -6.91203
-6.35326 -6.91279
-6.35291 -6.91354
-6.35256 -6.91429
-6.35222 -6.91505
-6.35187 -6.9158
-6.35153 -6.91655
-6.35118 -6.9173
-6.35083 -6.91805
-6.35049 -6.91881
-6.35014 -6.91956
-6.34979 -6.92031
-6.34944 -6.92106
-6.3491 -6.92181
-6.34875 -6.92256
-6.3484 -6.92331
-6.34805 -6.92406
-6.3477 -6.92481
-6.34735 -6.92556
-6.347 -6.92631
-6.34665 -6.92706
-6.3463 -6.92781
-6.34595 -6.92856
-6.3456 -6.92931
-6.34524 -6.93005
-6.34489 -6.9308
-6.34454 -6.93155
-6.34419 -6.9323
-6.34383 -6.93305
-6.34348 -6.93379
-6.34313 -6.93454
-6.34277 -6.93529
-6.34242 -6.93603
-6.34206 -6.93678
-6.34171 -6.93752
-6.34135 -6.93827
-6.341 -6.93902
-6.34064 -6.93976
-6.34028 -6.94051
-6.33993 -6.94125
-6.33957 -6.942
-6.33921 -6.94274
-6.33885 -6.94348
-6.3385 -6.94423
-6.33814 -6.94497
-6.33778 -6.94571
-6.33742 -6.94646
-6.33706 -6.9472
-6.3367 -6.94794
-6.33634 -6.94869
-6.33598 -6.94943
-6.33561 -6.95017
-6.33525 -6.95091
-6.33489 -6.95166
-6.33453 -6.9524
-6.33416 -6.95314
-6.3338 -6.95388
-6.33344 -6.95462
-6.33307 -6.95536
-6.33271 -6.9561
-6.33234 -6.95684
-6.33197 -6.95758
-6.33161 -6.95832
-6.33124 -6.95906
-6.33087 -6.9598
-6.33051 -6.96054
-6.33014 -6.96128
-6.32977 -6.96202
-6.3294 -6.96276
-6.32903 -6.96349
