Path for ray(in pc) -7 -3
Points calculated each 200 days for 1000 years.
-0.161423 -0.805867
-0.158913 -0.804326
-0.156392 -0.802775
-0.153859 -0.801214
-0.151314 -0.799644
-0.148757 -0.798065
-0.146189 -0.796475
-0.143609 -0.794876
-0.141016 -0.793268
-0.138412 -0.791649
-0.135796 -0.790021
-0.133167 -0.788382
-0.130526 -0.786734
-0.127872 -0.785076
-0.125206 -0.783407
-0.122528 -0.781729
-0.119837 -0.78004
-0.117133 -0.778341
-0.114417 -0.776631
-0.111688 -0.774911
-0.108945 -0.773181
-0.10619 -0.77144
-0.103422 -0.769689
-0.10064 -0.767926
-0.0978457 -0.766153
-0.0950377 -0.76437
-0.0922162 -0.762575
-0.0893813 -0.76077
-0.0865327 -0.758954
-0.0836705 -0.757126
-0.0807945 -0.755287
-0.0779048 -0.753438
-0.075001 -0.751577
-0.0720833 -0.749704
-0.0691514 -0.747821
-0.0662054 -0.745925
-0.0632451 -0.744019
-0.0602704 -0.7421
-0.0572813 -0.74017
-0.0542776 -0.738228
-0.0512593 -0.736275
-0.0482262 -0.734309
-0.0451783 -0.732332
-0.0421155 -0.730342
-0.0390376 -0.72834
-0.0359447 -0.726326
-0.0328366 -0.7243
-0.0297131 -0.722261
-0.0265743 -0.72021
-0.0234199 -0.718147
-0.02025 -0.71607
-0.0170643 -0.713981
-0.0138629 -0.71188
-0.0106456 -0.709765
-0.00741229 -0.707637
-0.00416289 -0.705497
-0.000897286 -0.703343
0.00238462 -0.701176
0.00568293 -0.698995
0.00899774 -0.696801
0.0123292 -0.694594
0.0156773 -0.692373
0.0190423 -0.690139
0.0224242 -0.68789
0.0258232 -0.685628
0.0292393 -0.683352
0.0326726 -0.681061
0.0361234 -0.678757
0.0395916 -0.676438
0.0430774 -0.674105
0.046581 -0.671757
0.0501023 -0.669395
0.0536416 -0.667018
0.0571989 -0.664626
0.0607745 -0.662219
0.0643682 -0.659798
0.0679804 -0.657361
0.0716112 -0.654909
0.0752605 -0.652441
0.0789287 -0.649958
0.0826157 -0.64746
0.0863217 -0.644946
0.0900468 -0.642416
0.0937912 -0.63987
0.097555 -0.637308
0.101338 -0.63473
0.105141 -0.632135
0.108964 -0.629525
0.112806 -0.626897
0.116669 -0.624253
0.120552 -0.621592
0.124455 -0.618914
0.128378 -0.61622
0.132322 -0.613508
0.136287 -0.610778
0.140272 -0.608031
0.144279 -0.605267
0.148306 -0.602485
0.152355 -0.599684
0.156425 -0.596866
0.160517 -0.59403
0.16463 -0.591175
0.168765 -0.588302
0.172922 -0.58541
0.177101 -0.5825
0.181303 -0.57957
0.185526 -0.576621
0.189772 -0.573654
0.194041 -0.570666
0.198333 -0.567659
0.202648 -0.564633
0.206986 -0.561586
0.211347 -0.55852
0.215731 -0.555433
0.220139 -0.552326
0.224571 -0.549198
0.229027 -0.546049
0.233507 -0.54288
0.238011 -0.539689
0.24254 -0.536477
0.247093 -0.533243
0.251671 -0.529988
0.256273 -0.526711
0.260901 -0.523412
0.265554 -0.52009
0.270232 -0.516746
0.274936 -0.51338
0.279666 -0.50999
0.284422 -0.506578
0.289203 -0.503142
0.294011 -0.499682
0.298846 -0.496199
0.303707 -0.492692
0.308594 -0.489161
0.313509 -0.485605
0.318451 -0.482025
0.32342 -0.47842
0.328417 -0.474789
0.333442 -0.471134
0.338494 -0.467453
0.343575 -0.463746
0.348684 -0.460013
0.353821 -0.456254
0.358988 -0.452468
0.364183 -0.448655
0.369407 -0.444816
0.37466 -0.440948
0.379943 -0.437054
0.385255 -0.433131
0.390598 -0.429181
0.39597 -0.425202
0.401373 -0.421194
0.406807 -0.417157
0.412271 -0.413091
0.417766 -0.408995
0.423292 -0.40487
0.428849 -0.400714
0.434438 -0.396528
0.440059 -0.392311
0.445712 -0.388063
0.451397 -0.383783
0.457115 -0.379472
0.462865 -0.375128
0.468649 -0.370752
0.474465 -0.366344
0.480315 -0.361902
0.486198 -0.357426
0.492115 -0.352917
0.498067 -0.348374
0.504052 -0.343796
0.510073 -0.339183
0.516128 -0.334535
0.522218 -0.329852
0.528343 -0.325132
0.534504 -0.320375
0.5407 -0.315582
0.546933 -0.310752
0.553202 -0.305884
0.559507 -0.300977
0.56585 -0.296033
0.572229 -0.291049
0.578645 -0.286026
0.585099 -0.280963
0.591591 -0.27586
0.598121 -0.270716
0.60469 -0.26553
0.611297 -0.260303
0.617943 -0.255034
0.624628 -0.249723
0.631352 -0.244368
0.638116 -0.238969
0.644921 -0.233526
0.651765 -0.228039
0.65865 -0.222506
0.665576 -0.216928
0.672543 -0.211304
0.679551 -0.205632
0.686601 -0.199913
0.693693 -0.194147
0.700827 -0.188331
0.708003 -0.182467
0.715223 -0.176553
0.722486 -0.170588
0.729792 -0.164573
0.737142 -0.158506
0.744535 -0.152386
0.751974 -0.146214
0.759456 -0.139989
0.766984 -0.133709
0.774557 -0.127374
0.782176 -0.120984
0.78984 -0.114537
0.797551 -0.108034
0.805308 -0.101473
0.813112 -0.0948534
0.820963 -0.0881747
0.828861 -0.081436
0.836807 -0.0746367
0.844801 -0.0677758
0.852844 -0.0608527
0.860935 -0.0538664
0.869076 -0.0468162
0.877265 -0.0397012
0.885505 -0.0325205
0.893794 -0.0252734
0.902134 -0.0179589
0.910524 -0.010576
0.918965 -0.00312398
0.927458 0.00439821
0.936002 0.0119915
0.944598 0.0196568
0.953247 0.0273952
0.961948 0.0352076
0.970702 0.0430951
0.979509 0.0510586
0.98837 0.0590993
0.997285 0.0672182
1.00625 0.0754163
1.01528 0.0836949
1.02436 0.092055
1.03349 0.100498
1.04268 0.109024
1.05192 0.117636
1.06123 0.126334
1.07058 0.135119
1.08 0.143993
1.08947 0.152958
1.099 0.162013
1.10859 0.171161
1.11823 0.180403
1.12794 0.18974
1.1377 0.199174
1.14752 0.208707
1.1574 0.218339
1.16734 0.228071
1.17734 0.237907
1.1874 0.247847
1.19752 0.257892
1.2077 0.268044
1.21795 0.278306
1.22825 0.288678
1.23862 0.299162
1.24905 0.30976
1.25954 0.320474
1.27009 0.331305
1.2807 0.342255
1.29138 0.353326
1.30212 0.36452
1.31292 0.375839
1.32379 0.387285
1.33472 0.39886
1.34572 0.410565
1.35678 0.422403
1.3679 0.434376
1.37909 0.446487
1.39034 0.458736
1.40166 0.471127
1.41304 0.483661
1.42448 0.496342
1.43599 0.509171
1.44757 0.522151
1.45921 0.535284
1.47092 0.548572
1.48269 0.562019
1.49453 0.575627
1.50643 0.589398
1.5184 0.603335
1.53043 0.617441
1.54252 0.631719
1.55469 0.646171
1.56691 0.660801
1.5792 0.675611
1.59156 0.690604
1.60398 0.705784
1.61646 0.721154
1.62901 0.736716
1.64162 0.752474
1.6543 0.768432
1.66703 0.784592
1.67983 0.800959
1.69269 0.817535
1.70561 0.834325
1.7186 0.851331
1.73164 0.868558
1.74474 0.88601
1.75791 0.90369
1.77113 0.921603
1.7844 0.939752
1.79774 0.958141
1.81113 0.976775
1.82457 0.995658
1.83807 1.01479
1.85162 1.03419
1.86523 1.05384
1.87888 1.07377
1.89258 1.09396
1.90634 1.11443
1.92013 1.13519
1.93398 1.15622
1.94786 1.17755
1.96179 1.19918
1.97576 1.22111
1.98977 1.24334
2.00381 1.26589
2.01789 1.28876
2.03199 1.31195
2.04613 1.33547
2.0603 1.35932
2.07449 1.38352
2.0887 1.40806
2.10293 1.43296
2.11718 1.45822
2.13144 1.48384
2.14572 1.50984
2.15999 1.53622
2.17428 1.56298
2.18856 1.59014
2.20283 1.61769
2.2171 1.64566
2.23136 1.67404
2.2456 1.70284
2.25981 1.73208
2.27401 1.76174
2.28816 1.79186
2.30229 1.82243
2.31637 1.85346
2.3304 1.88495
2.34437 1.91693
2.35829 1.94939
2.37214 1.98234
2.38591 2.0158
2.39961 2.04977
2.41321 2.08425
2.42672 2.11927
2.44012 2.15482
2.45341 2.19093
2.46658 2.22758
2.47962 2.2648
2.49251 2.3026
2.50526 2.34098
2.51784 2.37996
2.53025 2.41953
2.54248 2.45972
2.55451 2.50053
2.56634 2.54198
2.57794 2.58406
2.58931 2.6268
2.60044 2.6702
2.6113 2.71427
2.62188 2.75902
2.63218 2.80446
2.64217 2.8506
2.65183 2.89745
2.66115 2.94502
2.67011 2.99332
2.67869 3.04236
2.68688 3.09215
2.69465 3.14269
2.70198 3.194
2.70885 3.24608
2.71524 3.29894
2.72112 3.3526
2.72647 3.40705
2.73128 3.46231
2.7355 3.51838
2.73912 3.57527
2.7421 3.63299
2.74443 3.69154
2.74606 3.75092
2.74698 3.81115
2.74715 3.87222
2.74653 3.93414
2.7451 3.99691
2.74282 4.06053
2.73966 4.12501
2.73558 4.19034
2.73054 4.25652
2.72451 4.32356
2.71745 4.39144
2.70932 4.46016
2.70008 4.52972
2.68968 4.60011
2.67809 4.67132
2.66526 4.74334
2.65115 4.81616
2.63572 4.88976
2.61891 4.96413
2.60068 5.03926
2.58099 5.11512
2.55978 5.19169
2.53701 5.26895
2.51264 5.34687
2.4866 5.42543
2.45886 5.50459
2.42936 5.58432
2.39806 5.66458
2.3649 5.74534
2.32983 5.82656
2.29281 5.90819
2.25379 5.99017
2.21272 6.07247
2.16955 6.15503
2.12423 6.23779
2.07673 6.32069
2.027 6.40367
1.97499 6.48665
1.92067 6.56958
1.864 6.65238
1.80494 6.73496
1.74346 6.81726
1.67953 6.89918
1.61312 6.98063
1.5442 7.06154
1.47276 7.14181
1.39879 7.22133
1.32225 7.30002
1.24316 7.37777
1.16149 7.45448
1.07727 7.53003
0.990479 7.60433
0.901144 7.67726
0.809278 7.74872
0.714903 7.81859
0.618049 7.88675
0.51875 7.9531
0.417046 8.01751
0.312986 8.07989
0.206623 8.14011
0.098018 8.19807
-0.0127628 8.25365
-0.125645 8.30674
-0.24055 8.35725
-0.35739 8.40507
-0.476072 8.45011
-0.596498 8.49226
-0.718562 8.53144
-0.842154 8.56756
-0.967158 8.60054
-1.09345 8.63031
-1.22091 8.6568
-1.3494 8.67996
-1.47879 8.69971
-1.60894 8.71602
-1.73971 8.72885
-1.87095 8.73817
-2.00253 8.74394
-2.13428 8.74615
-2.26607 8.7448
-2.39775 8.73988
-2.52916 8.73141
-2.66015 8.71939
-2.79059 8.70385
-2.92033 8.68482
-3.04922 8.66235
-3.17713 8.63648
-3.30391 8.60726
-3.42944 8.57477
-3.55359 8.53905
-3.67624 8.5002
-3.79726 8.45828
-3.91654 8.4134
-4.03399 8.36563
-4.14949 8.31508
-4.26295 8.26184
-4.37429 8.20603
-4.48342 8.14773
-4.59027 8.08708
-4.69476 8.02418
-4.79685 7.95913
-4.89646 7.89207
-4.99357 7.82311
-5.08811 7.75235
-5.18007 7.67993
-5.2694 7.60596
-5.3561 7.53054
-5.44013 7.45381
-5.5215 7.37587
-5.6002 7.29683
-5.67622 7.21681
-5.74958 7.1359
-5.82028 7.05423
-5.88833 6.97188
-5.95377 6.88896
-6.01661 6.80557
-6.07688 6.72179
-6.13461 6.63773
-6.18984 6.55346
-6.24259 6.46906
-6.29292 6.38463
-6.34086 6.30022
-6.38645 6.21593
-6.42975 6.13181
-6.4708 6.04793
-6.50965 5.96435
-6.54635 5.88113
-6.58095 5.79833
-6.6135 5.716
-6.64405 5.63418
-6.67267 5.55293
-6.69939 5.47227
-6.72429 5.39226
-6.7474 5.31293
-6.76878 5.2343
-6.78849 5.15642
-6.80658 5.07931
-6.8231 5.00299
-6.8381 4.92749
-6.85163 4.85283
-6.86375 4.77902
-6.8745 4.70609
-6.88393 4.63404
-6.8921 4.56289
-6.89904 4.49264
-6.9048 4.42332
-6.90944 4.35492
-6.91298 4.28745
-6.91549 4.22092
-6.91698 4.15532
-6.91752 4.09066
-6.91714 4.02694
-6.91587 3.96416
-6.91375 3.90231
-6.91083 3.8414
-6.90714 3.78142
-6.9027 3.72236
-6.89756 3.66422
-6.89174 3.607
-6.88529 3.55068
-6.87822 3.49527
-6.87057 3.44075
-6.86236 3.38711
-6.85363 3.33435
-6.84439 3.28245
-6.83468 3.23141
-6.82453 3.18122
-6.81394 3.13187
-6.80295 3.08334
-6.79158 3.03564
-6.77984 2.98873
-6.76777 2.94263
-6.75537 2.89731
-6.74268 2.85276
-6.7297 2.80897
-6.71645 2.76593
-6.70295 2.72364
-6.68922 2.68207
-6.67527 2.64122
-6.66112 2.60107
-6.64678 2.56162
-6.63227 2.52286
-6.61759 2.48476
-6.60276 2.44733
-6.58779 2.41054
-6.5727 2.37439
-6.5575 2.33887
-6.54219 2.30397
-6.52678 2.26968
-6.51129 2.23598
-6.49572 2.20286
-6.48009 2.17032
-6.4644 2.13834
-6.44866 2.10692
-6.43288 2.07604
-6.41707 2.04569
-6.40122 2.01587
-6.38536 1.98656
-6.36948 1.95776
-6.35359 1.92945
-6.3377 1.90163
-6.32181 1.87429
-6.30593 1.84742
-6.29006 1.821
-6.27421 1.79504
-6.25839 1.76952
-6.24259 1.74443
-6.22682 1.71976
-6.21109 1.69552
-6.19539 1.67168
-6.17974 1.64825
-6.16414 1.62521
-6.14858 1.60256
-6.13307 1.58028
-6.11762 1.55838
-6.10223 1.53685
-6.08689 1.51567
-6.07162 1.49484
-6.05642 1.47435
-6.04127 1.4542
-6.0262 1.43439
-6.0112 1.41489
-5.99627 1.39572
-5.98142 1.37686
-5.96664 1.3583
-5.95193 1.34005
-5.93731 1.32208
-5.92276 1.30441
-5.9083 1.28702
-5.89391 1.26991
-5.87961 1.25307
-5.8654 1.23649
-5.85127 1.22018
-5.83722 1.20413
-5.82326 1.18833
-5.80938 1.17277
-5.79559 1.15746
-5.78189 1.14238
-5.76828 1.12754
-5.75476 1.11292
-5.74132 1.09853
-5.72798 1.08436
-5.71472 1.07041
-5.70156 1.05666
-5.68848 1.04313
-5.6755 1.02979
-5.6626 1.01666
-5.64979 1.00372
-5.63708 0.990976
-5.62445 0.978418
-5.61191 0.966046
-5.59947 0.953854
-5.58711 0.941841
-5.57485 0.930002
-5.56267 0.918333
-5.55058 0.906833
-5.53858 0.895498
-5.52667 0.884323
-5.51485 0.873308
-5.50312 0.862448
-5.49148 0.85174
-5.47992 0.841182
-5.46845 0.830771
-5.45707 0.820504
-5.44577 0.810378
-5.43456 0.800391
-5.42344 0.79054
-5.4124 0.780823
-5.40145 0.771236
-5.39058 0.761778
-5.3798 0.752447
-5.3691 0.743239
-5.35848 0.734153
-5.34795 0.725185
-5.33749 0.716335
-5.32712 0.7076
-5.31683 0.698977
-5.30663 0.690465
-5.2965 0.682062
-5.28645 0.673765
-5.27648 0.665573
-5.26659 0.657483
-5.25678 0.649494
-5.24705 0.641603
-5.23739 0.63381
-5.22781 0.626112
-5.21831 0.618508
-5.20888 0.610995
-5.19952 0.603572
-5.19024 0.596238
-5.18104 0.58899
-5.1719 0.581827
-5.16284 0.574749
-5.15386 0.567752
-5.14494 0.560836
-5.13609 0.553998
-5.12732 0.547239
-5.11861 0.540556
-5.10998 0.533947
-5.10141 0.527412
-5.09291 0.520949
-5.08448 0.514557
-5.07612 0.508234
-5.06782 0.50198
-5.05958 0.495793
-5.05142 0.489671
-5.04332 0.483614
-5.03528 0.477621
-5.0273 0.471689
-5.01939 0.465819
-5.01154 0.460009
-5.00376 0.454258
-4.99603 0.448564
-4.98837 0.442928
-4.98076 0.437347
-4.97322 0.431821
-4.96573 0.426349
-4.9583 0.42093
-4.95094 0.415562
-4.94362 0.410246
-4.93637 0.40498
-4.92917 0.399762
-4.92203 0.394593
-4.91494 0.389472
-4.90791 0.384396
-4.90094 0.379367
-4.89401 0.374382
-4.88714 0.369442
-4.88033 0.364545
-4.87356 0.35969
-4.86685 0.354877
-4.86019 0.350105
-4.85358 0.345374
-4.84702 0.340682
-4.84051 0.336029
-4.83405 0.331414
-4.82764 0.326836
-4.82127 0.322296
-4.81496 0.317791
-4.80869 0.313322
-4.80247 0.308888
-4.79629 0.304489
-4.79016 0.300123
-4.78408 0.29579
-4.77804 0.291489
-4.77205 0.287221
-4.7661 0.282984
-4.76019 0.278778
-4.75433 0.274602
-4.74851 0.270456
-4.74273 0.266339
-4.73699 0.262251
-4.7313 0.258192
-4.72565 0.25416
-4.72003 0.250155
-4.71446 0.246177
-4.70893 0.242225
-4.70344 0.2383
-4.69798 0.2344
-4.69257 0.230524
-4.68719 0.226674
-4.68185 0.222847
-4.67655 0.219045
-4.67128 0.215266
-4.66605 0.211509
-4.66086 0.207776
-4.6557 0.204064
-4.65058 0.200374
-4.64549 0.196706
-4.64044 0.193059
-4.63542 0.189432
-4.63043 0.185826
-4.62548 0.18224
-4.62056 0.178674
-4.61568 0.175127
-4.61083 0.1716
-4.606 0.168091
-4.60121 0.1646
-4.59646 0.161128
-4.59173 0.157673
-4.58703 0.154237
-4.58236 0.150817
-4.57773 0.147415
-4.57312 0.144029
-4.56854 0.14066
-4.56399 0.137306
-4.55947 0.133969
-4.55498 0.130648
-4.55052 0.127342
-4.54608 0.124052
-4.54167 0.120776
-4.53729 0.117515
-4.53293 0.114269
-4.5286 0.111037
-4.5243 0.107819
-4.52002 0.104615
-4.51577 0.101425
-4.51154 0.0982481
-4.50734 0.0950847
-4.50317 0.0919343
-4.49901 0.0887969
-4.49488 0.0856721
-4.49078 0.0825599
-4.4867 0.0794601
-4.48264 0.0763725
-4.4786 0.0732968
-4.47459 0.070233
-4.4706 0.0671809
-4.46663 0.0641404
-4.46269 0.0611112
-4.45876 0.0580932
-4.45486 0.0550862
-4.45098 0.0520902
-4.44711 0.0491049
-4.44327 0.0461303
-4.43945 0.0431662
-4.43565 0.0402125
-4.43187 0.0372689
-4.42811 0.0343355
-4.42437 0.0314121
-4.42065 0.0284985
-4.41694 0.0255946
-4.41326 0.0227004
-4.40959 0.0198156
-4.40595 0.0169403
-4.40232 0.0140742
-4.39871 0.0112173
-4.39511 0.00836952
-4.39153 0.00553068
-4.38798 0.00270071
-4.38443 -0.000120481
-4.38091 -0.00293299
-4.3774 -0.00573692
-4.37391 -0.00853235
-4.37043 -0.0113194
-4.36697 -0.0140981
-4.36352 -0.0168685
-4.3601 -0.0196308
-4.35668 -0.022385
-4.35328 -0.0251312
-4.3499 -0.0278695
-4.34653 -0.0305999
-4.34318 -0.0333226
-4.33984 -0.0360375
-4.33652 -0.0387448
-4.33321 -0.0414445
-4.32991 -0.0441367
-4.32663 -0.0468215
-4.32336 -0.0494989
-4.3201 -0.0521689
-4.31686 -0.0548317
-4.31363 -0.0574873
-4.31041 -0.0601357
-4.30721 -0.0627771
-4.30402 -0.0654113
-4.30084 -0.0680386
-4.29768 -0.0706589
-4.29452 -0.0732724
-4.29138 -0.075879
-4.28825 -0.0784787
-4.28514 -0.0810717
-4.28203 -0.083658
-4.27894 -0.0862377
-4.27585 -0.0888107
-4.27278 -0.091377
-4.26972 -0.0939369
-4.26667 -0.0964902
-4.26363 -0.099037
-4.26061 -0.101577
-4.25759 -0.104111
-4.25458 -0.106639
-4.25158 -0.10916
-4.2486 -0.111675
-4.24562 -0.114184
-4.24266 -0.116686
-4.2397 -0.119182
-4.23675 -0.121672
-4.23381 -0.124156
-4.23089 -0.126634
-4.22797 -0.129105
-4.22506 -0.131571
-4.22216 -0.13403
-4.21927 -0.136483
-4.21639 -0.138931
-4.21351 -0.141372
-4.21065 -0.143807
-4.20779 -0.146237
-4.20495 -0.14866
-4.20211 -0.151078
-4.19928 -0.153489
-4.19646 -0.155895
-4.19364 -0.158295
-4.19084 -0.160689
-4.18804 -0.163077
-4.18525 -0.165459
-4.18247 -0.167835
-4.17969 -0.170206
-4.17692 -0.172571
-4.17416 -0.17493
-4.17141 -0.177283
-4.16867 -0.179631
-4.16593 -0.181973
-4.1632 -0.184309
-4.16048 -0.18664
-4.15776 -0.188964
-4.15505 -0.191284
-4.15235 -0.193597
-4.14965 -0.195905
-4.14696 -0.198207
-4.14428 -0.200503
-4.14161 -0.202794
-4.13894 -0.205079
-4.13627 -0.207359
-4.13362 -0.209633
-4.13097 -0.211901
-4.12832 -0.214164
-4.12569 -0.216421
-4.12305 -0.218673
-4.12043 -0.220919
-4.11781 -0.223159
-4.1152 -0.225394
-4.11259 -0.227623
-4.10999 -0.229847
-4.10739 -0.232065
-4.1048 -0.234278
-4.10221 -0.236485
-4.09963 -0.238686
-4.09706 -0.240882
-4.09449 -0.243073
-4.09193 -0.245258
-4.08937 -0.247437
-4.08682 -0.249611
-4.08427 -0.251779
-4.08173 -0.253942
-4.07919 -0.2561
-4.07666 -0.258252
-4.07413 -0.260398
-4.07161 -0.262539
-4.06909 -0.264674
-4.06658 -0.266804
-4.06407 -0.268929
-4.06157 -0.271048
-4.05907 -0.273161
-4.05658 -0.275269
-4.05409 -0.277372
-4.05161 -0.279469
-4.04913 -0.28156
-4.04665 -0.283647
-4.04418 -0.285727
-4.04172 -0.287803
-4.03926 -0.289872
-4.0368 -0.291937
-4.03435 -0.293995
-4.0319 -0.296049
-4.02945 -0.298097
-4.02702 -0.300139
-4.02458 -0.302176
-4.02215 -0.304208
-4.01972 -0.306234
-4.0173 -0.308255
-4.01488 -0.31027
-4.01247 -0.31228
-4.01006 -0.314285
-4.00765 -0.316284
-4.00525 -0.318277
-4.00285 -0.320266
-4.00045 -0.322248
-3.99806 -0.324226
-3.99567 -0.326198
-3.99329 -0.328164
-3.99091 -0.330125
-3.98854 -0.332081
-3.98616 -0.334031
-3.9838 -0.335976
-3.98143 -0.337916
-3.97907 -0.33985
-3.97671 -0.341779
-3.97436 -0.343702
-3.97201 -0.34562
-3.96967 -0.347533
-3.96732 -0.34944
-3.96498 -0.351342
-3.96265 -0.353238
-3.96032 -0.35513
-3.95799 -0.357015
-3.95566 -0.358896
-3.95334 -0.360771
-3.95102 -0.36264
-3.94871 -0.364505
-3.9464 -0.366364
-3.94409 -0.368217
-3.94178 -0.370066
-3.93948 -0.371909
-3.93718 -0.373746
-3.93489 -0.375579
-3.9326 -0.377406
-3.93031 -0.379227
-3.92802 -0.381044
-3.92574 -0.382855
-3.92346 -0.38466
-3.92119 -0.386461
-3.91892 -0.388256
-3.91665 -0.390046
-3.91438 -0.39183
-3.91212 -0.39361
-3.90986 -0.395384
-3.9076 -0.397152
-3.90535 -0.398916
-3.9031 -0.400674
-3.90085 -0.402427
-3.89861 -0.404175
-3.89637 -0.405917
-3.89413 -0.407654
-3.8919 -0.409386
-3.88966 -0.411113
-3.88743 -0.412835
-3.88521 -0.414551
-3.88299 -0.416262
-3.88077 -0.417968
-3.87855 -0.419668
-3.87634 -0.421364
-3.87412 -0.423054
-3.87192 -0.424739
-3.86971 -0.426419
-3.86751 -0.428094
-3.86531 -0.429764
-3.86311 -0.431428
-3.86092 -0.433087
-3.85873 -0.434742
-3.85654 -0.436391
-3.85436 -0.438034
-3.85218 -0.439673
-3.85 -0.441307
-3.84782 -0.442935
-3.84565 -0.444559
-3.84348 -0.446177
-3.84131 -0.44779
-3.83915 -0.449399
-3.83698 -0.451002
-3.83482 -0.4526
-3.83267 -0.454193
-3.83051 -0.455781
-3.82836 -0.457364
-3.82622 -0.458942
-3.82407 -0.460514
-3.82193 -0.462082
-3.81979 -0.463645
-3.81765 -0.465203
-3.81552 -0.466756
-3.81339 -0.468303
-3.81126 -0.469846
-3.80913 -0.471384
-3.80701 -0.472917
-3.80489 -0.474445
-3.80277 -0.475968
-3.80066 -0.477486
-3.79854 -0.478999
-3.79643 -0.480508
-3.79433 -0.482011
-3.79222 -0.483509
-3.79012 -0.485003
-3.78802 -0.486492
-3.78593 -0.487975
-3.78383 -0.489454
-3.78174 -0.490928
-3.77966 -0.492398
-3.77757 -0.493862
-3.77549 -0.495322
-3.77341 -0.496776
-3.77133 -0.498226
-3.76926 -0.499671
-3.76719 -0.501112
-3.76512 -0.502547
-3.76305 -0.503978
-3.76099 -0.505404
-3.75892 -0.506825
-3.75687 -0.508242
-3.75481 -0.509654
-3.75276 -0.511061
-3.75071 -0.512463
-3.74866 -0.513861
-3.74661 -0.515254
-3.74457 -0.516642
-3.74253 -0.518026
-3.74049 -0.519405
-3.73846 -0.520779
-3.73643 -0.522149
-3.7344 -0.523514
-3.73237 -0.524874
-3.73034 -0.52623
-3.72832 -0.527581
-3.7263 -0.528928
-3.72429 -0.53027
-3.72227 -0.531607
-3.72026 -0.53294
-3.71825 -0.534268
-3.71625 -0.535592
-3.71424 -0.536912
-3.71224 -0.538226
-3.71024 -0.539537
-3.70825 -0.540842
-3.70625 -0.542144
-3.70426 -0.54344
-3.70228 -0.544733
-3.70029 -0.546021
-3.69831 -0.547304
-3.69633 -0.548583
-3.69435 -0.549858
-3.69237 -0.551128
-3.6904 -0.552393
-3.68843 -0.553655
-3.68646 -0.554912
-3.6845 -0.556164
-3.68254 -0.557413
-3.68058 -0.558657
-3.67862 -0.559896
-3.67667 -0.561132
-3.67471 -0.562362
-3.67276 -0.563589
-3.67082 -0.564811
-3.66887 -0.56603
-3.66693 -0.567243
-3.66499 -0.568453
-3.66305 -0.569658
-3.66112 -0.570859
-3.65919 -0.572056
-3.65726 -0.573249
-3.65533 -0.574437
-3.65341 -0.575621
-3.65149 -0.576801
-3.64957 -0.577977
-3.64765 -0.579149
-3.64574 -0.580316
-3.64383 -0.58148
-3.64192 -0.582639
-3.64001 -0.583794
-3.63811 -0.584945
-3.6362 -0.586092
-3.63431 -0.587235
-3.63241 -0.588374
-3.63052 -0.589509
-3.62862 -0.59064
-3.62674 -0.591766
-3.62485 -0.592889
-3.62297 -0.594008
-3.62108 -0.595122
-3.61921 -0.596233
-3.61733 -0.59734
-3.61546 -0.598443
-3.61358 -0.599541
-3.61172 -0.600636
-3.60985 -0.601727
-3.60799 -0.602814
-3.60612 -0.603897
-3.60427 -0.604976
-3.60241 -0.606051
-3.60056 -0.607123
-3.5987 -0.60819
-3.59686 -0.609254
-3.59501 -0.610314
-3.59317 -0.61137
-3.59132 -0.612422
-3.58949 -0.61347
-3.58765 -0.614515
-3.58582 -0.615555
-3.58398 -0.616592
-3.58216 -0.617625
-3.58033 -0.618655
-3.5785 -0.619681
-3.57668 -0.620703
-3.57486 -0.621721
-3.57305 -0.622735
-3.57123 -0.623746
-3.56942 -0.624753
-3.56761 -0.625757
-3.56581 -0.626756
-3.564 -0.627752
-3.5622 -0.628745
-3.5604 -0.629734
-3.5586 -0.630719
-3.55681 -0.631701
-3.55502 -0.632679
-3.55323 -0.633653
-3.55144 -0.634624
-3.54965 -0.635591
-3.54787 -0.636555
-3.54609 -0.637515
-3.54431 -0.638471
-3.54254 -0.639424
-3.54077 -0.640374
-3.539 -0.64132
-3.53723 -0.642262
-3.53546 -0.643202
-3.5337 -0.644137
-3.53194 -0.645069
-3.53018 -0.645998
-3.52843 -0.646923
-3.52667 -0.647845
-3.52492 -0.648763
-3.52317 -0.649678
-3.52143 -0.65059
-3.51968 -0.651498
-3.51794 -0.652403
-3.5162 -0.653304
-3.51447 -0.654202
-3.51273 -0.655097
-3.511 -0.655988
-3.50927 -0.656876
-3.50755 -0.657761
-3.50582 -0.658642
-3.5041 -0.659521
-3.50238 -0.660395
-3.50066 -0.661267
-3.49895 -0.662135
-3.49723 -0.663
-3.49552 -0.663862
-3.49382 -0.664721
-3.49211 -0.665576
-3.49041 -0.666428
-3.48871 -0.667277
-3.48701 -0.668123
-3.48531 -0.668966
-3.48362 -0.669805
-3.48193 -0.670641
-3.48024 -0.671474
-3.47855 -0.672304
-3.47687 -0.673131
-3.47518 -0.673955
-3.47351 -0.674775
-3.47183 -0.675593
-3.47015 -0.676407
-3.46848 -0.677218
-3.46681 -0.678027
-3.46514 -0.678832
-3.46348 -0.679634
-3.46181 -0.680433
-3.46015 -0.681229
-3.45849 -0.682022
-3.45684 -0.682812
-3.45518 -0.683599
-3.45353 -0.684383
-3.45188 -0.685164
-3.45023 -0.685942
-3.44859 -0.686717
-3.44695 -0.687489
-3.44531 -0.688258
-3.44367 -0.689024
-3.44203 -0.689787
-3.4404 -0.690548
-3.43877 -0.691305
-3.43714 -0.69206
-3.43551 -0.692811
-3.43389 -0.69356
-3.43226 -0.694306
-3.43065 -0.695049
-3.42903 -0.695789
-3.42741 -0.696527
-3.4258 -0.697261
-3.42419 -0.697993
-3.42258 -0.698722
-3.42097 -0.699448
-3.41937 -0.700171
-3.41777 -0.700891
-3.41617 -0.701609
-3.41457 -0.702324
-3.41298 -0.703036
-3.41138 -0.703745
-3.40979 -0.704452
-3.4082 -0.705156
-3.40662 -0.705857
-3.40503 -0.706555
-3.40345 -0.707251
-3.40187 -0.707944
-3.4003 -0.708634
-3.39872 -0.709322
-3.39715 -0.710007
-3.39558 -0.710689
-3.39401 -0.711369
-3.39244 -0.712046
-3.39088 -0.71272
-3.38932 -0.713392
-3.38776 -0.714061
-3.3862 -0.714728
-3.38464 -0.715391
-3.38309 -0.716053
-3.38154 -0.716711
-3.37999 -0.717367
-3.37844 -0.718021
-3.3769 -0.718672
-3.37536 -0.71932
-3.37382 -0.719966
-3.37228 -0.720609
-3.37074 -0.72125
-3.36921 -0.721888
-3.36768 -0.722524
-3.36615 -0.723157
-3.36462 -0.723788
-3.3631 -0.724416
-3.36157 -0.725042
-3.36005 -0.725665
-3.35853 -0.726286
-3.35702 -0.726904
-3.3555 -0.72752
-3.35399 -0.728134
-3.35248 -0.728745
-3.35097 -0.729353
-3.34947 -0.729959
-3.34796 -0.730563
-3.34646 -0.731164
-3.34496 -0.731763
-3.34346 -0.73236
-3.34197 -0.732954
-3.34048 -0.733545
-3.33898 -0.734135
-3.3375 -0.734722
-3.33601 -0.735306
-3.33452 -0.735889
-3.33304 -0.736469
-3.33156 -0.737046
-3.33008 -0.737622
-3.3286 -0.738195
-3.32713 -0.738765
-3.32566 -0.739334
-3.32419 -0.7399
-3.32272 -0.740464
-3.32125 -0.741025
-3.31979 -0.741584
-3.31832 -0.742141
-3.31686 -0.742696
-3.31541 -0.743249
-3.31395 -0.743799
-3.3125 -0.744347
-3.31104 -0.744892
-3.30959 -0.745436
-3.30815 -0.745977
-3.3067 -0.746516
-3.30526 -0.747053
-3.30381 -0.747588
-3.30237 -0.74812
-3.30094 -0.748651
-3.2995 -0.749179
-3.29807 -0.749705
-3.29663 -0.750229
-3.2952 -0.75075
-3.29377 -0.75127
-3.29235 -0.751787
-3.29092 -0.752302
-3.2895 -0.752816
-3.28808 -0.753326
-3.28666 -0.753835
-3.28525 -0.754342
-3.28383 -0.754847
-3.28242 -0.755349
-3.28101 -0.75585
-3.2796 -0.756348
-3.2782 -0.756844
-3.27679 -0.757339
-3.27539 -0.757831
-3.27399 -0.758321
-3.27259 -0.758809
-3.27119 -0.759295
-3.2698 -0.759779
-3.26841 -0.760261
-3.26702 -0.760741
-3.26563 -0.761218
-3.26424 -0.761694
-3.26285 -0.762168
-3.26147 -0.76264
-3.26009 -0.76311
-3.25871 -0.763578
-3.25733 -0.764044
-3.25596 -0.764507
-3.25458 -0.764969
-3.25321 -0.765429
-3.25184 -0.765887
-3.25047 -0.766343
-3.24911 -0.766797
-3.24774 -0.76725
-3.24638 -0.7677
-3.24502 -0.768148
-3.24366 -0.768594
-3.24231 -0.769039
-3.24095 -0.769481
-3.2396 -0.769922
-3.23825 -0.770361
-3.2369 -0.770797
-3.23555 -0.771232
-3.2342 -0.771665
-3.23286 -0.772096
-3.23152 -0.772526
-3.23018 -0.772953
-3.22884 -0.773379
-3.2275 -0.773802
-3.22617 -0.774224
-3.22484 -0.774644
-3.22351 -0.775062
-3.22218 -0.775478
-3.22085 -0.775893
-3.21952 -0.776305
-3.2182 -0.776716
-3.21688 -0.777125
-3.21556 -0.777532
-3.21424 -0.777938
-3.21292 -0.778341
-3.21161 -0.778743
-3.2103 -0.779143
-3.20898 -0.779541
-3.20767 -0.779938
-3.20637 -0.780332
-3.20506 -0.780725
-3.20376 -0.781116
-3.20246 -0.781506
-3.20115 -0.781893
-3.19986 -0.782279
-3.19856 -0.782663
-3.19726 -0.783045
-3.19597 -0.783426
-3.19468 -0.783805
-3.19339 -0.784182
-3.1921 -0.784557
-3.19081 -0.784931
-3.18953 -0.785303
-3.18825 -0.785674
-3.18696 -0.786042
-3.18569 -0.786409
-3.18441 -0.786774
-3.18313 -0.787138
-3.18186 -0.7875
-3.18058 -0.78786
-3.17931 -0.788218
-3.17804 -0.788575
-3.17678 -0.78893
-3.17551 -0.789284
-3.17425 -0.789635
-3.17298 -0.789986
-3.17172 -0.790334
-3.17046 -0.790681
-3.16921 -0.791026
-3.16795 -0.79137
-3.1667 -0.791712
-3.16544 -0.792052
-3.16419 -0.792391
-3.16294 -0.792728
-3.1617 -0.793064
-3.16045 -0.793398
-3.15921 -0.79373
-3.15797 -0.794061
-3.15672 -0.79439
-3.15549 -0.794717
-3.15425 -0.795043
-3.15301 -0.795368
-3.15178 -0.79569
-3.15055 -0.796012
-3.14932 -0.796331
-3.14809 -0.796649
-3.14686 -0.796966
-3.14563 -0.797281
-3.14441 -0.797594
-3.14319 -0.797906
-3.14196 -0.798217
-3.14074 -0.798525
-3.13953 -0.798833
-3.13831 -0.799138
-3.1371 -0.799442
-3.13588 -0.799745
-3.13467 -0.800046
-3.13346 -0.800346
-3.13225 -0.800644
-3.13105 -0.800941
-3.12984 -0.801236
-3.12864 -0.801529
-3.12744 -0.801821
-3.12624 -0.802112
-3.12504 -0.802401
-3.12384 -0.802689
-3.12264 -0.802975
-3.12145 -0.80326
-3.12026 -0.803543
-3.11907 -0.803825
-3.11788 -0.804105
-3.11669 -0.804384
-3.1155 -0.804661
-3.11432 -0.804937
-3.11313 -0.805211
-3.11195 -0.805484
-3.11077 -0.805756
-3.10959 -0.806026
-3.10842 -0.806294
-3.10724 -0.806562
-3.10607 -0.806827
-3.10489 -0.807092
-3.10372 -0.807355
-3.10255 -0.807616
-3.10139 -0.807876
-3.10022 -0.808135
-3.09905 -0.808392
-3.09789 -0.808648
-3.09673 -0.808903
-3.09557 -0.809156
-3.09441 -0.809407
-3.09325 -0.809658
-3.0921 -0.809906
-3.09094 -0.810154
-3.08979 -0.8104
-3.08864 -0.810645
-3.08749 -0.810888
-3.08634 -0.81113
-3.08519 -0.811371
-3.08404 -0.81161
-3.0829 -0.811848
-3.08176 -0.812084
-3.08062 -0.81232
-3.07948 -0.812553
-3.07834 -0.812786
-3.0772 -0.813017
-3.07607 -0.813247
-3.07493 -0.813475
-3.0738 -0.813702
-3.07267 -0.813928
-3.07154 -0.814152
-3.07041 -0.814375
-3.06928 -0.814597
-3.06816 -0.814817
-3.06703 -0.815037
-3.06591 -0.815254
-3.06479 -0.815471
-3.06367 -0.815686
-3.06255 -0.8159
-3.06143 -0.816112
-3.06032 -0.816324
-3.0592 -0.816534
-3.05809 -0.816742
-3.05698 -0.81695
-3.05587 -0.817156
-3.05476 -0.81736
-3.05365 -0.817564
-3.05255 -0.817766
-3.05144 -0.817967
-3.05034 -0.818167
-3.04924 -0.818365
-3.04814 -0.818562
-3.04704 -0.818758
-3.04594 -0.818952
-3.04485 -0.819146
-3.04375 -0.819338
-3.04266 -0.819529
-3.04157 -0.819718
-3.04047 -0.819906
-3.03939 -0.820093
-3.0383 -0.820279
-3.03721 -0.820464
-3.03613 -0.820647
-3.03504 -0.820829
-3.03396 -0.82101
-3.03288 -0.821189
-3.0318 -0.821368
-3.03072 -0.821545
-3.02964 -0.821721
-3.02857 -0.821895
-3.02749 -0.822069
-3.02642 -0.822241
-3.02534 -0.822412
-3.02427 -0.822582
-3.0232 -0.82275
-3.02214 -0.822918
-3.02107 -0.823084
-3.02 -0.823249
-3.01894 -0.823413
-3.01788 -0.823575
-3.01681 -0.823737
-3.01575 -0.823897
-3.0147 -0.824056
-3.01364 -0.824214
-3.01258 -0.82437
-3.01153 -0.824526
-3.01047 -0.82468
-3.00942 -0.824833
-3.00837 -0.824985
-3.00732 -0.825135
-3.00627 -0.825285
-3.00522 -0.825433
-3.00417 -0.825581
-3.00313 -0.825727
-3.00209 -0.825872
-3.00104 -0.826015
-3 -0.826158
-2.99896 -0.826299
-2.99792 -0.826439
-2.99688 -0.826579
-2.99585 -0.826716
-2.99481 -0.826853
-2.99378 -0.826989
-2.99275 -0.827123
-2.99172 -0.827257
-2.99068 -0.827389
-2.98966 -0.82752
-2.98863 -0.82765
-2.9876 -0.827779
-2.98658 -0.827907
-2.98555 -0.828033
-2.98453 -0.828159
-2.98351 -0.828283
-2.98249 -0.828406
-2.98147 -0.828528
-2.98045 -0.828649
-2.97943 -0.828769
-2.97842 -0.828888
-2.9774 -0.829006
-2.97639 -0.829122
-2.97538 -0.829237
-2.97437 -0.829352
-2.97336 -0.829465
-2.97235 -0.829577
-2.97134 -0.829688
-2.97033 -0.829798
-2.96933 -0.829907
-2.96832 -0.830015
-2.96732 -0.830121
-2.96632 -0.830227
-2.96532 -0.830331
-2.96432 -0.830435
-2.96332 -0.830537
-2.96232 -0.830638
-2.96133 -0.830738
-2.96033 -0.830838
-2.95934 -0.830936
-2.95835 -0.831032
-2.95736 -0.831128
-2.95637 -0.831223
-2.95538 -0.831317
-2.95439 -0.83141
-2.9534 -0.831501
-2.95242 -0.831592
-2.95143 -0.831681
-2.95045 -0.83177
-2.94947 -0.831857
-2.94849 -0.831943
-2.94751 -0.832029
-2.94653 -0.832113
-2.94555 -0.832196
-2.94457 -0.832278
-2.9436 -0.832359
-2.94262 -0.832439
-2.94165 -0.832518
-2.94068 -0.832596
-2.9397 -0.832673
-2.93873 -0.832749
-2.93777 -0.832824
-2.9368 -0.832898
-2.93583 -0.832971
-2.93486 -0.833042
-2.9339 -0.833113
-2.93294 -0.833183
-2.93197 -0.833252
-2.93101 -0.833319
-2.93005 -0.833386
-2.92909 -0.833452
-2.92813 -0.833516
-2.92718 -0.83358
-2.92622 -0.833643
-2.92526 -0.833704
-2.92431 -0.833765
-2.92336 -0.833824
-2.92241 -0.833883
-2.92145 -0.833941
-2.9205 -0.833997
-2.91956 -0.834053
-2.91861 -0.834107
-2.91766 -0.834161
-2.91671 -0.834214
-2.91577 -0.834265
-2.91483 -0.834316
-2.91388 -0.834366
-2.91294 -0.834414
-2.912 -0.834462
-2.91106 -0.834509
-2.91012 -0.834554
-2.90918 -0.834599
-2.90825 -0.834643
-2.90731 -0.834686
-2.90638 -0.834727
-2.90544 -0.834768
-2.90451 -0.834808
-2.90358 -0.834847
-2.90265 -0.834885
-2.90172 -0.834922
-2.90079 -0.834958
-2.89986 -0.834993
-2.89894 -0.835027
-2.89801 -0.83506
-2.89708 -0.835092
-2.89616 -0.835123
-2.89524 -0.835153
-2.89432 -0.835183
-2.89339 -0.835211
-2.89247 -0.835238
-2.89156 -0.835265
-2.89064 -0.83529
-2.88972 -0.835315
-2.8888 -0.835338
-2.88789 -0.835361
-2.88697 -0.835383
-2.88606 -0.835403
-2.88515 -0.835423
-2.88424 -0.835442
-2.88333 -0.83546
-2.88242 -0.835477
-2.88151 -0.835493
-2.8806 -0.835508
-2.87969 -0.835522
-2.87879 -0.835536
-2.87788 -0.835548
-2.87698 -0.83556
-2.87608 -0.83557
-2.87517 -0.83558
-2.87427 -0.835588
-2.87337 -0.835596
-2.87247 -0.835603
-2.87157 -0.835609
-2.87068 -0.835614
-2.86978 -0.835618
-2.86888 -0.835621
-2.86799 -0.835623
-2.86709 -0.835625
-2.8662 -0.835625
-2.86531 -0.835625
-2.86442 -0.835623
-2.86353 -0.835621
-2.86264 -0.835618
-2.86175 -0.835614
-2.86086 -0.835609
-2.85997 -0.835603
-2.85909 -0.835596
-2.8582 -0.835589
-2.85732 -0.83558
-2.85643 -0.835571
-2.85555 -0.83556
-2.85467 -0.835549
-2.85379 -0.835537
-2.85291 -0.835524
-2.85203 -0.83551
-2.85115 -0.835495
-2.85027 -0.83548
-2.84939 -0.835463
-2.84852 -0.835446
-2.84764 -0.835428
-2.84677 -0.835409
-2.8459 -0.835389
-2.84502 -0.835368
-2.84415 -0.835346
-2.84328 -0.835323
-2.84241 -0.8353
-2.84154 -0.835276
-2.84067 -0.83525
-2.8398 -0.835224
-2.83894 -0.835197
-2.83807 -0.83517
-2.8372 -0.835141
-2.83634 -0.835111
-2.83548 -0.835081
-2.83461 -0.83505
-2.83375 -0.835018
-2.83289 -0.834985
-2.83203 -0.834951
-2.83117 -0.834916
-2.83031 -0.834881
-2.82945 -0.834844
-2.82859 -0.834807
-2.82774 -0.834769
-2.82688 -0.83473
-2.82602 -0.834691
-2.82517 -0.83465
-2.82432 -0.834609
-2.82346 -0.834567
-2.82261 -0.834523
-2.82176 -0.83448
-2.82091 -0.834435
-2.82006 -0.834389
-2.81921 -0.834343
-2.81836 -0.834296
-2.81751 -0.834248
-2.81667 -0.834199
-2.81582 -0.834149
-2.81497 -0.834099
-2.81413 -0.834047
-2.81328 -0.833995
-2.81244 -0.833942
-2.8116 -0.833888
-2.81076 -0.833834
-2.80991 -0.833778
-2.80907 -0.833722
-2.80823 -0.833665
-2.80739 -0.833607
-2.80656 -0.833548
-2.80572 -0.833489
-2.80488 -0.833429
-2.80404 -0.833367
-2.80321 -0.833306
-2.80237 -0.833243
-2.80154 -0.833179
-2.8007 -0.833115
-2.79987 -0.83305
-2.79904 -0.832984
-2.79821 -0.832917
-2.79738 -0.83285
-2.79655 -0.832781
-2.79572 -0.832712
-2.79489 -0.832642
-2.79406 -0.832572
-2.79323 -0.8325
-2.7924 -0.832428
-2.79158 -0.832355
-2.79075 -0.832281
-2.78993 -0.832206
-2.7891 -0.832131
-2.78828 -0.832055
-2.78745 -0.831978
-2.78663 -0.8319
-2.78581 -0.831822
-2.78499 -0.831742
-2.78417 -0.831662
-2.78335 -0.831581
-2.78253 -0.8315
-2.78171 -0.831417
-2.78089 -0.831334
-2.78007 -0.83125
-2.77925 -0.831166
-2.77844 -0.83108
-2.77762 -0.830994
-2.7768 -0.830907
-2.77599 -0.830819
-2.77518 -0.830731
-2.77436 -0.830641
-2.77355 -0.830551
-2.77274 -0.830461
-2.77192 -0.830369
-2.77111 -0.830277
