Path for ray(in pc) 5 11
Points calculated each 2000 days for 10000 years.
4.17568 6.2534
4.17393 6.25921
4.17227 6.2651
4.17073 6.27107
4.16928 6.27711
4.16794 6.28323
4.16669 6.28942
4.16554 6.29571
4.16449 6.30208
4.16354 6.30854
4.16268 6.3151
4.16191 6.32176
4.16122 6.32852
4.16063 6.33539
4.16012 6.34237
4.1597 6.34947
4.15935 6.3567
4.15909 6.36406
4.1589 6.37155
4.15879 6.3792
4.15874 6.38699
4.15876 6.39494
4.15885 6.40307
4.159 6.41137
4.15921 6.41987
4.15947 6.42856
4.15977 6.43746
4.16013 6.44659
4.16052 6.45595
4.16094 6.46555
4.16139 6.47542
4.16186 6.48557
4.16234 6.49601
4.16282 6.50675
4.1633 6.51783
4.16376 6.52925
4.16419 6.54103
4.16458 6.55319
4.16491 6.56576
4.16517 6.57876
4.16534 6.5922
4.16539 6.60611
4.1653 6.62052
4.16504 6.63545
4.16459 6.65091
4.16391 6.66693
4.16295 6.68354
4.16168 6.70074
4.16005 6.71857
4.15799 6.73702
4.15545 6.7561
4.15236 6.77583
4.14864 6.79618
4.1442 6.81715
4.13896 6.8387
4.1328 6.86079
4.12563 6.88336
4.11732 6.90632
4.10774 6.92958
4.09677 6.953
4.08425 6.97641
4.07005 6.99963
4.05401 7.02241
4.03598 7.04448
4.01579 7.06552
3.99331 7.08519
3.96835 7.10308
3.94076 7.11877
3.91036 7.13181
3.87696 7.14174
3.84037 7.14813
3.80034 7.15056
3.75661 7.14872
3.70888 7.14243
3.65683 7.13169
3.60015 7.11678
3.53858 7.09826
3.47204 7.07705
3.40071 7.05442
3.32516 7.03187
3.24643 7.011
3.16609 6.99329
3.08608 6.97987
3.00856 6.97133
2.93562 6.96765
2.86901 6.96826
2.80999 6.97225
2.75927 6.97853
2.71702 6.98602
2.68299 6.99383
2.65667 7.00127
2.63735 7.00789
2.62427 7.01344
2.61667 7.01784
2.61382 7.02111
2.61504 7.02338
2.61973 7.02479
2.62734 7.02551
2.63739 7.02571
2.64943 7.02557
2.66308 7.02522
2.67798 7.02481
2.69382 7.02442
2.7103 7.02415
2.72716 7.02403
2.74416 7.0241
2.76108 7.02435
2.77771 7.02476
2.79389 7.02526
2.80946 7.02577
2.82431 7.0262
2.83836 7.0264
2.85156 7.02625
2.86391 7.0256
2.87546 7.0243
2.88629 7.02224
2.89652 7.01932
2.90629 7.01545
2.91578 7.01062
2.92516 7.00484
2.93458 6.99815
2.9442 6.99066
2.95414 6.98247
2.9645 6.97372
2.97533 6.96455
2.98667 6.95511
2.99852 6.94552
3.01086 6.93591
3.02365 6.92639
3.03684 6.91704
3.05039 6.90794
3.06424 6.89913
3.07832 6.89065
3.0926 6.88253
3.10701 6.87479
3.12153 6.86744
3.13611 6.86046
3.15072 6.85386
3.16534 6.84763
3.17996 6.84176
3.19455 6.83623
3.20912 6.83103
3.22366 6.82614
3.23817 6.82156
3.25266 6.81727
3.26714 6.81325
3.28162 6.8095
3.29612 6.806
3.31066 6.80276
3.32527 6.79975
3.33996 6.79697
3.35477 6.79443
3.36973 6.79211
3.38488 6.79003
3.40027 6.78817
3.41593 6.78654
3.43192 6.78516
3.4483 6.78402
3.46513 6.78315
3.48248 6.78256
3.50044 6.78227
3.51908 6.7823
3.53852 6.7827
3.55886 6.78349
3.58025 6.78474
3.60284 6.7865
3.62679 6.78885
3.65232 6.79188
3.67966 6.79573
3.7091 6.80052
3.74097 6.80647
3.77566 6.81381
3.81367 6.82287
3.85557 6.83406
3.90206 6.84796
3.95402 6.86531
4.01253 6.88717
4.0789 6.915
4.1548 6.95089
4.24226 6.9979
4.3437 7.06065
4.46187 7.1462
4.59936 7.26572
4.75702 7.43722
4.92953 7.68994
5.09309 8.06955
5.17517 8.63561
5.00073 9.41161
4.30579 10.2079
3.10694 10.4971
2.02462 10.0214
1.50045 9.22909
1.3995 8.54061
1.48485 8.04827
1.62682 7.71267
1.77371 7.48269
1.90834 7.32142
2.02666 7.20522
2.12923 7.11923
2.21793 7.05404
2.29488 7.00354
2.36197 6.96365
2.42082 6.93162
2.47277 6.9055
2.51892 6.88393
2.56017 6.8659
2.59723 6.85067
2.63071 6.83769
2.66112 6.82653
2.68885 6.81685
2.71427 6.80841
2.73765 6.801
2.75925 6.79445
2.77926 6.78863
2.79789 6.78344
2.81527 6.77878
2.83154 6.77458
2.84682 6.77077
2.8612 6.76732
2.87479 6.76416
2.88765 6.76127
2.89985 6.75861
2.91146 6.75616
2.92254 6.75388
2.93312 6.75176
2.94325 6.74978
2.95298 6.74792
2.96233 6.74616
2.97134 6.7445
2.98004 6.74293
2.98846 6.74142
2.99661 6.73998
3.00452 6.73858
3.0122 6.73724
3.01968 6.73593
3.02698 6.73465
3.0341 6.7334
3.04105 6.73217
3.04786 6.73094
3.05453 6.72973
3.06107 6.72852
3.0675 6.72731
3.07381 6.7261
3.08002 6.72487
3.08613 6.72364
3.09215 6.72238
3.09809 6.72111
3.10395 6.71981
3.10972 6.71848
3.11543 6.71712
3.12106 6.71573
3.12662 6.71431
3.13212 6.71284
3.13755 6.71133
3.14292 6.70978
3.14823 6.70817
3.15347 6.70652
3.15864 6.70481
3.16375 6.70305
3.1688 6.70123
3.17377 6.69934
3.17867 6.69739
3.1835 6.69538
3.18825 6.69329
3.19292 6.69114
3.19751 6.68891
3.202 6.6866
3.2064 6.68422
3.2107 6.68175
3.21489 6.6792
3.21896 6.67657
3.22292 6.67385
3.22674 6.67105
3.23042 6.66815
3.23396 6.66517
3.23734 6.6621
3.24055 6.65893
3.24358 6.65567
3.24642 6.65232
3.24906 6.64888
3.25147 6.64535
3.25366 6.64174
3.2556 6.63803
3.25728 6.63424
3.25868 6.63038
3.25979 6.62643
3.26059 6.62242
3.26106 6.61834
3.26118 6.6142
3.26093 6.61001
3.26029 6.60579
3.25924 6.60153
3.25776 6.59726
3.25583 6.59298
3.25343 6.58871
3.25053 6.58447
3.24712 6.58028
3.24316 6.57615
3.23864 6.57211
3.23354 6.56818
3.22784 6.56439
3.22151 6.56076
3.21453 6.55733
3.20689 6.55412
3.19857 6.55118
3.18956 6.54853
3.17983 6.54622
3.16938 6.54428
3.15821 6.54275
3.14629 6.54168
3.13363 6.54111
3.12022 6.54108
3.10607 6.54165
3.09118 6.54284
3.07556 6.54471
3.05923 6.5473
3.04219 6.55066
3.02446 6.55482
3.00607 6.55983
2.98705 6.56572
2.96742 6.57254
2.94721 6.58029
2.92646 6.58903
2.9052 6.59877
2.88348 6.60952
2.86133 6.6213
2.8388 6.63413
2.81592 6.64799
2.79274 6.66289
2.7693 6.67882
2.74564 6.69577
2.7218 6.71371
2.69781 6.73261
2.67371 6.75244
2.64953 6.77317
2.62529 6.79474
2.60101 6.81712
2.57672 6.84023
2.55242 6.86403
2.52812 6.88844
2.50382 6.91341
2.47953 6.93886
2.45522 6.96471
2.43089 6.99088
2.40652 7.0173
2.38209 7.04389
2.35755 7.07055
2.33287 7.09719
2.30802 7.12374
2.28295 7.15011
2.25761 7.1762
2.23194 7.20192
2.20588 7.22718
2.17937 7.2519
2.15235 7.27599
2.12474 7.29936
2.09647 7.32193
2.06747 7.34361
2.03766 7.36434
2.00695 7.38404
1.97527 7.40264
1.94254 7.42008
1.90867 7.43633
1.87359 7.45133
1.8372 7.46506
1.79944 7.4775
1.76023 7.48865
1.71952 7.49854
1.67723 7.50719
1.63332 7.51465
1.58776 7.52099
1.54053 7.52631
1.49162 7.53072
1.44107 7.53434
1.3889 7.53731
1.33521 7.53981
1.28008 7.54199
1.22364 7.54402
1.16607 7.5461
1.10755 7.54838
1.04831 7.55102
0.988589 7.55418
0.928656 7.55797
0.868795 7.56248
0.809296 7.56779
0.75045 7.57393
0.692544 7.5809
0.635851 7.58867
0.580622 7.59719
0.527086 7.60637
0.475441 7.61611
0.42585 7.62629
0.378446 7.63677
0.333326 7.64743
0.290553 7.65813
0.25016 7.66875
0.212152 7.67915
0.176506 7.68922
0.143181 7.69887
0.112118 7.70802
0.083241 7.71657
0.0564656 7.72449
0.0316985 7.73173
0.00884139 7.73824
-0.0122069 7.74402
-0.0315486 7.74905
-0.0492852 7.75334
-0.0655165 7.75688
-0.0803391 7.75969
-0.0938464 7.76179
-0.106128 7.7632
-0.117268 7.76396
-0.127347 7.76408
-0.13644 7.76359
-0.144619 7.76254
-0.15195 7.76095
-0.158496 7.75886
-0.164314 7.75629
-0.169458 7.75327
-0.173978 7.74985
-0.177922 7.74604
-0.181331 7.74187
-0.184248 7.73738
-0.186708 7.73259
-0.188746 7.72752
-0.190396 7.7222
-0.191686 7.71665
-0.192644 7.71089
-0.193297 7.70494
-0.193668 7.69882
-0.19378 7.69255
-0.193653 7.68614
-0.193308 7.67961
-0.192763 7.67298
-0.192035 7.66625
-0.19114 7.65944
-0.190093 7.65257
-0.188909 7.64564
-0.187602 7.63866
-0.186185 7.63165
-0.18467 7.62462
-0.183069 7.61757
-0.181393 7.61051
-0.179654 7.60346
-0.177863 7.59641
-0.17603 7.58938
-0.174165 7.58237
-0.172279 7.57539
-0.170381 7.56845
-0.168482 7.56156
-0.166592 7.55471
-0.164721 7.54792
-0.162879 7.54118
-0.161076 7.53451
-0.159324 7.52791
-0.157632 7.52139
-0.156012 7.51494
-0.154475 7.50857
-0.153034 7.50229
-0.151699 7.49609
-0.150483 7.48998
-0.149399 7.48396
-0.148459 7.47802
-0.147677 7.47218
-0.147066 7.46642
-0.146639 7.46074
-0.146409 7.45514
-0.14639 7.44961
-0.146594 7.44414
-0.147032 7.43873
-0.147717 7.43337
-0.148658 7.42803
-0.149863 7.42272
-0.15134 7.4174
-0.153092 7.41207
-0.155122 7.40671
-0.15743 7.40129
-0.160012 7.3958
-0.16286 7.39021
-0.165964 7.38452
-0.169311 7.37868
-0.172882 7.3727
-0.176658 7.36655
-0.180614 7.36022
-0.184723 7.3537
-0.188957 7.34699
-0.193286 7.34007
-0.197678 7.33295
-0.202101 7.32563
-0.206524 7.31812
-0.210917 7.31044
-0.215249 7.30259
-0.219495 7.2946
-0.22363 7.28649
-0.227632 7.27827
-0.231482 7.26998
-0.235165 7.26164
-0.238667 7.25326
-0.241978 7.24489
-0.245091 7.23653
-0.248 7.22821
-0.250703 7.21996
-0.253199 7.2118
-0.255487 7.20374
-0.257571 7.1958
-0.259452 7.18799
-0.261134 7.18033
-0.262621 7.17283
-0.263917 7.16549
-0.265026 7.15834
-0.265954 7.15136
-0.266705 7.14457
-0.267282 7.13798
-0.267691 7.13157
-0.267934 7.12536
-0.268015 7.11935
-0.267937 7.11353
-0.267703 7.10791
-0.267316 7.10248
-0.266777 7.09724
-0.266088 7.09219
-0.265251 7.08733
-0.264267 7.08264
-0.263136 7.07814
-0.261861 7.07381
-0.26044 7.06965
-0.258875 7.06565
-0.257166 7.06182
-0.255312 7.05815
-0.253314 7.05463
-0.251171 7.05126
-0.248883 7.04803
-0.246449 7.04495
-0.243869 7.04201
-0.241141 7.0392
-0.238266 7.03652
-0.235243 7.03396
-0.232069 7.03153
-0.228745 7.02922
-0.225269 7.02703
-0.22164 7.02495
-0.217857 7.02299
-0.213917 7.02113
-0.20982 7.01938
-0.205564 7.01773
-0.201148 7.01619
-0.196568 7.01474
-0.191823 7.0134
-0.186912 7.01216
-0.181831 7.01101
-0.176577 7.00996
-0.171149 7.00901
-0.165544 7.00815
-0.159757 7.00739
-0.153785 7.00672
-0.147626 7.00616
-0.141275 7.00569
-0.134727 7.00532
-0.127978 7.00506
-0.121023 7.00489
-0.113858 7.00484
-0.106475 7.00489
-0.0988696 7.00505
-0.0910345 7.00532
-0.0829628 7.00572
-0.074647 7.00623
-0.0660788 7.00688
-0.0572495 7.00765
-0.0481497 7.00857
-0.0387692 7.00962
-0.0290972 7.01083
-0.0191219 7.0122
-0.00883061 7.01373
0.00179021 7.01544
0.0127552 7.01734
0.0240803 7.01943
0.0357824 7.02174
0.04788 7.02426
0.0603929 7.02702
0.0733426 7.03004
0.0867524 7.03332
0.100647 7.0369
0.115055 7.04078
0.130004 7.045
0.145527 7.04959
0.161658 7.05456
0.178436 7.05995
0.195901 7.0658
0.214098 7.07215
0.233075 7.07905
0.252885 7.08654
0.273586 7.09468
0.29524 7.10354
0.317915 7.11318
0.341688 7.1237
0.366638 7.13518
0.392855 7.14774
0.420437 7.1615
0.449488 7.17659
0.480125 7.19319
0.512472 7.21148
0.546665 7.23168
0.58285 7.25405
0.621187 7.27888
0.661842 7.30653
0.704993 7.33742
0.750825 7.37204
0.799527 7.41096
0.851282 7.45489
0.906261 7.50467
0.964607 7.56129
1.02641 7.62597
1.09166 7.70017
1.16021 7.78566
1.23169 7.88459
1.30537 7.99954
1.37999 8.13361
1.4535 8.29047
1.52269 8.47435
1.58261 8.68996
1.62594 8.94213
1.64207 9.23507
1.61628 9.57094
1.52921 9.94736
1.35773 10.3538
1.07838 10.7673
0.67479 11.1497
0.14866 11.45
-0.470706 11.6159
-1.12657 11.6127
-1.74967 11.4388
-2.28121 11.1269
-2.68923 10.7294
-2.97032 10.2986
-3.14047 9.87472
-3.22371 9.48195
-3.24411 9.13155
-3.22189 8.82606
-3.17247 8.56317
-3.10687 8.3384
-3.0327 8.14658
-2.95501 7.98274
-2.87707 7.84238
-2.80092 7.72165
-2.72778 7.61729
-2.65835 7.5266
-2.59293 7.44735
-2.53163 7.3777
-2.47441 7.31613
-2.42112 7.26139
-2.37159 7.21246
-2.32561 7.16847
-2.28296 7.12872
-2.24342 7.09259
-2.20679 7.0596
-2.17285 7.02932
-2.14142 7.00138
-2.11233 6.97549
-2.08539 6.95138
-2.06046 6.92882
-2.0374 6.90764
-2.01607 6.88765
-1.99634 6.86871
-1.97811 6.8507
-1.96126 6.8335
-1.9457 6.81703
-1.93133 6.80119
-1.91807 6.78591
-1.90582 6.77113
-1.89452 6.75679
-1.88409 6.74284
-1.87446 6.72923
-1.86556 6.71592
-1.85733 6.70289
-1.8497 6.69011
-1.84261 6.67754
-1.83601 6.66518
-1.82983 6.65299
-1.82402 6.64098
-1.81853 6.62914
-1.81329 6.61745
-1.80826 6.60592
-1.80338 6.59456
-1.7986 6.58336
-1.79386 6.57235
-1.78912 6.56153
-1.78431 6.55094
-1.77939 6.54061
-1.7743 6.53056
-1.76901 6.52085
-1.76345 6.51152
-1.7576 6.50264
-1.75142 6.49428
-1.74487 6.48652
-1.73793 6.47946
-1.73061 6.47321
-1.72291 6.46789
-1.71487 6.46363
-1.70654 6.46057
-1.69803 6.45885
-1.68948 6.45863
-1.68105 6.46003
-1.67299 6.46318
-1.66557 6.46813
-1.65913 6.47491
-1.65403 6.48346
-1.65065 6.49363
-1.64936 6.50518
-1.6505 6.51773
-1.65433 6.53083
-1.66098 6.54396
-1.67048 6.55653
-1.68271 6.56799
-1.6974 6.57783
-1.7142 6.58563
-1.73267 6.59109
-1.75236 6.59404
-1.77283 6.59444
-1.79369 6.59236
-1.81461 6.58794
-1.83535 6.58142
-1.85575 6.57304
-1.87573 6.5631
-1.89529 6.55189
-1.91446 6.53972
-1.93333 6.52688
-1.95198 6.5137
-1.97053 6.50047
-1.98906 6.48753
-2.00764 6.47518
-2.02627 6.46374
-2.04493 6.4535
-2.06351 6.44472
-2.08187 6.4376
-2.09981 6.43231
-2.11711 6.42891
-2.13356 6.4274
-2.14896 6.42771
-2.16313 6.4297
-2.17597 6.43322
-2.18742 6.43808
-2.19748 6.44408
-2.20619 6.45106
-2.21365 6.45887
-2.21996 6.4674
-2.22526 6.47655
-2.22968 6.48628
-2.23339 6.49657
-2.23652 6.50741
-2.23922 6.51883
-2.24165 6.53088
-2.24394 6.54359
-2.24627 6.55703
-2.24876 6.57127
-2.25161 6.58636
-2.25497 6.60238
-2.25903 6.61938
-2.264 6.6374
-2.27011 6.65646
-2.27761 6.67657
-2.28674 6.6977
-2.29782 6.71976
-2.31112 6.74263
-2.32697 6.76611
-2.34566 6.78994
-2.36748 6.81376
-2.39265 6.83714
-2.42133 6.85954
-2.4536 6.88037
-2.48938 6.89896
-2.52843 6.91464
-2.57038 6.92674
-2.61464 6.9347
-2.66051 6.93804
-2.70716 6.93648
-2.75369 6.92994
-2.79922 6.91855
-2.84293 6.90265
-2.88412 6.88274
-2.92224 6.85945
-2.95694 6.83346
-2.98802 6.80551
-3.01544 6.77626
-3.03931 6.74633
-3.05982 6.71627
-3.07724 6.68652
-3.09187 6.65742
-3.10404 6.62924
-3.11407 6.60216
-3.12227 6.57629
-3.12892 6.55171
-3.13428 6.52844
-3.13858 6.50646
-3.14202 6.48574
-3.14476 6.46624
-3.14696 6.4479
-3.14875 6.43065
-3.15022 6.41442
-3.15146 6.39914
-3.15255 6.38476
-3.15354 6.37119
-3.15447 6.35837
-3.1554 6.34626
-3.15634 6.33479
-3.15733 6.32392
-3.15837 6.31359
-3.15949 6.30376
-3.16068 6.2944
-3.16197 6.28546
-3.16335 6.27691
-3.16482 6.26873
-3.16639 6.26089
-3.16805 6.25335
-3.1698 6.2461
-3.17164 6.23913
-3.17356 6.2324
-3.17557 6.2259
-3.17764 6.21962
-3.17979 6.21355
-3.18201 6.20766
-3.18428 6.20196
-3.18661 6.19643
-3.18899 6.19106
-3.19141 6.18584
-3.19387 6.18077
-3.19636 6.17584
-3.19888 6.17105
-3.20142 6.16638
-3.20398 6.16183
-3.20655 6.1574
-3.20912 6.15309
-3.2117 6.14889
-3.21427 6.1448
-3.21684 6.14081
-3.21939 6.13693
-3.22193 6.13314
-3.22444 6.12946
-3.22693 6.12587
-3.22938 6.12237
-3.2318 6.11897
-3.23418 6.11566
-3.23651 6.11245
-3.23879 6.10932
-3.24101 6.10628
-3.24318 6.10333
-3.24527 6.10046
-3.2473 6.09769
-3.24925 6.095
-3.25112 6.09239
-3.2529 6.08987
-3.25459 6.08744
-3.25618 6.0851
-3.25767 6.08284
-3.25905 6.08067
-3.26031 6.07859
-3.26145 6.07659
-3.26247 6.07469
-3.26335 6.07288
-3.26408 6.07116
-3.26467 6.06953
-3.2651 6.068
-3.26537 6.06657
-3.26547 6.06524
-3.26539 6.06401
-3.26513 6.06289
-3.26467 6.06188
-3.26401 6.06098
-3.26315 6.0602
-3.26206 6.05954
-3.26074 6.059
-3.25919 6.05859
-3.25739 6.05832
-3.25534 6.0582
-3.25302 6.05822
-3.25043 6.0584
-3.24755 6.05874
-3.24438 6.05925
-3.2409 6.05994
-3.2371 6.06082
-3.23298 6.0619
-3.22851 6.0632
-3.2237 6.06471
-3.21852 6.06646
-3.21296 6.06847
-3.20701 6.07074
-3.20066 6.07329
-3.1939 6.07614
-3.1867 6.07931
-3.17906 6.08283
-3.17095 6.08671
-3.16237 6.09098
-3.1533 6.09567
-3.14372 6.10081
-3.13362 6.10643
-3.12297 6.11256
-3.11176 6.11926
-3.09998 6.12656
-3.0876 6.13451
-3.07461 6.14316
-3.06099 6.15257
-3.04672 6.16281
-3.03178 6.17395
-3.01617 6.18607
-2.99987 6.19926
-2.98285 6.2136
-2.96513 6.22922
-2.94669 6.24623
-2.92752 6.26477
-2.90765 6.28498
-2.88708 6.30703
-2.86585 6.33111
-2.84398 6.35741
-2.82156 6.38616
-2.79864 6.41763
-2.77535 6.45207
-2.75184 6.4898
-2.72829 6.53114
-2.70494 6.57647
-2.68213 6.62616
-2.66023 6.68063
-2.63976 6.7403
-2.62133 6.80559
-2.60571 6.87693
-2.59383 6.95467
-2.58682 7.03909
-2.58601 7.13036
-2.59297 7.2284
-2.60945 7.33287
-2.63741 7.44302
-2.67889 7.5576
-2.73591 7.67475
-2.81028 7.79187
-2.90337 7.9057
-3.01578 8.01228
-3.14708 8.1072
-3.29556 8.18596
-3.45814 8.24436
-3.63048 8.27909
-3.80729 8.28811
-3.98285 8.271
-4.15162 8.229
-4.30877 8.1648
-4.45062 8.08211
-4.5748 7.98525
-4.68025 7.87857
-4.76704 7.76615
-4.83609 7.6515
-4.88889 7.53746
-4.92725 7.42621
-4.9531 7.31926
-4.9683 7.21762
-4.97461 7.12186
-4.9736 7.03222
-4.96663 6.94869
-4.95488 6.87113
-4.93932 6.79926
-4.92077 6.73275
-4.8999 6.67124
-4.87724 6.61437
-4.85324 6.56175
-4.82824 6.51305
-4.80253 6.46792
-4.77631 6.42607
-4.74978 6.38722
-4.72306 6.35111
-4.69625 6.3175
-4.66945 6.28619
-4.64271 6.25699
-4.61608 6.22974
-4.5896 6.20427
-4.5633 6.18046
-4.53719 6.15818
-4.5113 6.13732
-4.48563 6.11778
-4.4602 6.09947
-4.435 6.08232
-4.41005 6.06623
-4.38534 6.05116
-4.36088 6.03702
-4.33667 6.02377
-4.3127 6.01136
-4.28898 5.99973
-4.26551 5.98884
-4.24228 5.97864
-4.21929 5.96911
-4.19654 5.96019
-4.17402 5.95185
-4.15174 5.94407
-4.12969 5.93682
-4.10786 5.93005
-4.08625 5.92376
-4.06485 5.9179
-4.04367 5.91247
-4.02269 5.90743
-4.00191 5.90276
-3.98133 5.89846
-3.96094 5.89449
-3.94073 5.89084
-3.9207 5.88749
-3.90084 5.88444
-3.88114 5.88166
-3.86161 5.87914
-3.84222 5.87688
-3.82299 5.87485
-3.80389 5.87304
-3.78493 5.87146
-3.7661 5.87008
-3.74739 5.8689
-3.72879 5.86792
-3.7103 5.86712
-3.69191 5.86649
-3.67362 5.86604
-3.65542 5.86576
-3.6373 5.86563
-3.61926 5.86566
-3.60129 5.86584
-3.58339 5.86617
-3.56554 5.86664
-3.54774 5.86726
-3.52999 5.86801
-3.51228 5.8689
-3.49461 5.86993
-3.47696 5.87109
-3.45933 5.87238
-3.44172 5.8738
-3.42411 5.87535
-3.40651 5.87704
-3.3889 5.87885
-3.37128 5.8808
-3.35365 5.88288
-3.33599 5.88509
-3.3183 5.88744
-3.30058 5.88992
-3.28281 5.89254
-3.26498 5.8953
-3.2471 5.8982
-3.22916 5.90124
-3.21114 5.90443
-3.19304 5.90777
-3.17485 5.91126
-3.15657 5.91491
-3.13818 5.91872
-3.11967 5.92268
-3.10105 5.92682
-3.08229 5.93112
-3.06339 5.9356
-3.04435 5.94026
-3.02514 5.9451
-3.00576 5.95013
-2.98621 5.95535
-2.96646 5.96077
-2.94651 5.96639
-2.92635 5.97222
-2.90596 5.97826
-2.88533 5.98452
-2.86446 5.99101
-2.84333 5.99773
-2.82192 6.00469
-2.80022 6.01189
-2.77821 6.01934
-2.75589 6.02706
-2.73324 6.03504
-2.71024 6.04329
-2.68688 6.05183
-2.66314 6.06066
-2.639 6.06979
-2.61444 6.07923
-2.58945 6.08899
-2.56401 6.09909
-2.5381 6.10953
-2.5117 6.12033
-2.48478 6.13149
-2.45732 6.14304
-2.42931 6.155
-2.40072 6.16736
-2.37152 6.18017
-2.34168 6.19342
-2.31118 6.20715
-2.27999 6.22137
-2.24808 6.23612
-2.21542 6.25141
-2.18197 6.26728
-2.14771 6.28375
-2.11258 6.30087
-2.07656 6.31866
-2.0396 6.33716
-2.00166 6.35643
-1.9627 6.3765
-1.92267 6.39744
-1.88151 6.4193
-1.83918 6.44214
-1.79561 6.46603
-1.75075 6.49105
-1.70455 6.51729
-1.65693 6.54484
-1.60782 6.57381
-1.55716 6.60431
-1.50488 6.63647
-1.4509 6.67044
-1.39513 6.70638
-1.33751 6.74448
-1.27796 6.78492
-1.21638 6.82794
-1.15271 6.8738
-1.08687 6.92278
-1.0188 6.9752
-0.948429 7.03143
-0.875718 7.09188
-0.800638 7.157
-0.723191 7.22734
-0.64341 7.30347
-0.561377 7.38607
-0.477234 7.4759
-0.391206 7.57382
-0.30362 7.68077
-0.214943 7.79785
-0.125815 7.92626
-0.0371031 8.06733
0.0500374 8.22253
0.134086 8.39345
0.213062 8.58177
0.284411 8.7892
0.344871 9.01743
0.390327 9.26797
0.415659 9.54193
0.414604 9.83977
0.379668 10.1609
0.302154 10.503
0.172365 10.8616
-0.0198781 11.2292
-0.284342 11.5948
-0.629002 11.9432
-1.05826 12.2555
-1.57101 12.51
-2.15901 12.6846
-2.80625 12.7597
-3.48991 12.7216
-4.18302 12.566
-4.85821 12.2984
-5.49169 11.9342
-6.06612 11.4957
-6.57176 11.0084
-7.0059 10.4983
-7.37112 9.98846
-7.67318 9.49782
-7.91906 9.04045
-8.11566 8.62557
-8.26903 8.25802
-8.38425 7.93897
-8.46555 7.66677
-8.51659 7.4378
-8.54075 7.24725
-8.54126 7.08983
-8.52132 6.9603
-8.48403 6.85376
-8.43236 6.7659
-8.36907 6.69304
-8.29666 6.63217
-8.21733 6.58082
-8.13298 6.53706
-8.04521 6.49937
-7.95535 6.46655
-7.86447 6.43768
-7.77343 6.41207
-7.68291 6.38915
-7.59344 6.36851
-7.50542 6.34982
-7.41913 6.33281
-7.33478 6.31729
-7.25254 6.30308
-7.17248 6.29007
-7.09465 6.27815
-7.01909 6.26722
-6.94578 6.25722
-6.87469 6.24808
-6.8058 6.23976
-6.73906 6.23221
-6.67442 6.2254
-6.6118 6.21928
-6.55117 6.21384
-6.49245 6.20904
-6.43559 6.20486
-6.38052 6.20128
-6.32719 6.19828
-6.27554 6.19585
-6.22551 6.19396
-6.17706 6.1926
-6.13012 6.19175
-6.08467 6.19141
-6.04064 6.19156
-5.99801 6.19218
-5.95672 6.19327
-5.91675 6.1948
-5.87806 6.19678
-5.84061 6.19918
-5.80438 6.202
-5.76934 6.20522
-5.73545 6.20883
-5.70271 6.21282
-5.67107 6.21719
-5.64052 6.22191
-5.61104 6.22698
-5.5826 6.23239
-5.5552 6.23814
-5.5288 6.24421
-5.5034 6.2506
-5.47898 6.25731
-5.45552 6.26433
-5.43303 6.27166
-5.41148 6.27931
-5.39089 6.28729
-5.37125 6.29559
-5.35257 6.30423
-5.33486 6.31321
-5.31815 6.32255
-5.30246 6.33226
-5.28785 6.34233
-5.27435 6.35278
-5.26203 6.3636
-5.25096 6.37477
-5.24124 6.38628
-5.23294 6.39807
-5.22619 6.4101
-5.22107 6.42228
-5.21771 6.4345
-5.21622 6.44663
-5.21668 6.45849
-5.21918 6.46989
-5.22379 6.48059
-5.23051 6.49034
-5.23933 6.49885
-5.25019 6.50583
-5.26296 6.51098
-5.27746 6.51399
-5.29344 6.51461
-5.3106 6.5126
-5.32861 6.50777
-5.34707 6.5
-5.36558 6.48925
-5.38374 6.47554
-5.40115 6.45896
-5.41745 6.43967
-5.4323 6.41791
-5.44543 6.39393
-5.45664 6.36804
-5.46577 6.34055
-5.47272 6.31178
-5.47745 6.28206
-5.47998 6.25167
-5.48036 6.22089
-5.47868 6.18996
-5.47504 6.1591
-5.46958 6.12848
-5.46244 6.09826
-5.45376 6.06856
-5.44369 6.03946
-5.43237 6.01104
-5.41993 5.98335
-5.40652 5.95641
-5.39224 5.93025
-5.37723 5.90486
-5.36156 5.88025
-5.34535 5.85638
-5.32868 5.83326
-5.31161 5.81084
-5.29423 5.7891
-5.27659 5.76802
-5.25874 5.74755
-5.24074 5.72766
-5.22262 5.70833
-5.20442 5.68951
-5.18618 5.67118
-5.16791 5.65331
-5.14966 5.63585
-5.13144 5.61879
-5.11326 5.6021
-5.09515 5.58574
-5.07712 5.5697
-5.05917 5.55394
-5.04133 5.53845
-5.02359 5.52319
-5.00596 5.50816
-4.98846 5.49332
-4.97107 5.47867
-4.95382 5.46417
-4.93669 5.44982
-4.91968 5.4356
-4.90281 5.42149
-4.88605 5.40747
-4.86942 5.39352
-4.85291 5.37964
-4.83651 5.36581
-4.82022 5.35201
-4.80403 5.33823
-4.78793 5.32444
-4.77191 5.31064
-4.75598 5.2968
-4.74011 5.28291
-4.7243 5.26894
-4.70853 5.25488
-4.69281 5.24069
-4.6771 5.22636
-4.66142 5.21185
-4.64574 5.19713
-4.63005 5.18218
-4.61435 5.16696
-4.59863 5.15142
-4.58288 5.13553
-4.56711 5.11924
-4.5513 5.10249
-4.53546 5.08524
-4.5196 5.06743
-4.50373 5.049
-4.48785 5.02987
-4.472 5.00999
-4.4562 4.98927
-4.44048 4.96764
-4.42489 4.94502
-4.40949 4.92132
-4.39434 4.89645
-4.37952 4.87032
-4.36512 4.84284
-4.35126 4.81391
-4.33807 4.78345
-4.32569 4.75137
-4.3143 4.71759
-4.3041 4.68203
-4.2953 4.64465
-4.28816 4.6054
-4.28296 4.56426
-4.28001 4.52126
-4.27964 4.47645
-4.28221 4.42994
-4.28809 4.38189
-4.29769 4.33252
-4.3114 4.28215
-4.32959 4.23117
-4.35262 4.18006
-4.3808 4.12942
-4.41434 4.07991
-4.45336 4.03232
-4.49786 3.98746
-4.54766 3.94623
-4.60242 3.90951
-4.66161 3.87818
-4.72449 3.85301
-4.79017 3.83466
-4.85759 3.82362
-4.9256 3.82016
-4.99298 3.82433
-5.05854 3.8359
-5.1211 3.85445
-5.17966 3.87932
-5.23331 3.90967
-5.28136 3.94454
-5.32332 3.98288
-5.35886 4.02362
-5.38787 4.06564
-5.41037 4.10792
-5.42652 4.14942
-5.4366 4.1892
-5.44098 4.22638
-5.44006 4.26011
-5.43433 4.28959
-5.42428 4.31404
-5.41047 4.33269
-5.39348 4.34473
-5.37398 4.34932
-5.35272 4.34552
-5.3306 4.33235
-5.3087 4.30871
-5.28842 4.27342
-5.27152 4.22525
-5.26029 4.16302
-5.2577 4.08572
-5.26749 3.99277
-5.29433 3.88444
-5.3437 3.76235
-5.42157 3.63019
-5.53363 3.49437
-5.68398 3.36443
-5.87328 3.25268
-6.09703 3.17264
-6.34476 3.13632
-6.60097 3.15098
-6.84814 3.21691
-7.07056 3.3273
-7.25739 3.47038
-7.40387 3.63267
-7.51055 3.80179
-7.58153 3.96814
-7.62265 4.12532
-7.64004 4.26973
-7.6393 4.39992
-7.62519 4.51583
-7.60149 4.61826
-7.57113 4.70843
-7.53631 4.78774
-7.49867 4.85756
-7.45941 4.91921
-7.41939 4.97386
-7.37923 5.02257
-7.33936 5.06623
-7.30009 5.10562
-7.26162 5.1414
-7.22408 5.17414
-7.18755 5.2043
-7.15207 5.23229
-7.11765 5.25844
-7.08427 5.28304
-7.05192 5.30632
-7.02054 5.32848
-6.99009 5.34969
-6.96052 5.37008
-6.93175 5.38977
-6.90374 5.40883
-6.87642 5.42735
-6.84971 5.44538
-6.82356 5.46295
-6.79791 5.48009
-6.7727 5.49682
-6.74787 5.51314
-6.72337 5.52904
-6.69915 5.54451
-6.67519 5.55954
-6.65144 5.57409
-6.62789 5.58815
-6.60451 5.60167
-6.58129 5.61464
-6.55824 5.62701
-6.53534 5.63877
-6.51262 5.64989
-6.49009 5.66034
-6.46776 5.67011
-6.44565 5.67919
-6.42379 5.68757
-6.40221 5.69526
-6.38092 5.70224
-6.35995 5.70854
-6.33932 5.71417
-6.31905 5.71914
-6.29916 5.72348
-6.27966 5.72721
-6.26057 5.73036
-6.24188 5.73296
-6.2236 5.73502
-6.20574 5.73659
-6.18829 5.7377
-6.17125 5.73836
-6.15461 5.73861
-6.13837 5.73847
-6.1225 5.73797
-6.107 5.73713
-6.09186 5.73598
-6.07705 5.73454
-6.06258 5.73282
-6.04842 5.73085
-6.03455 5.72863
-6.02097 5.72619
-6.00765 5.72354
-5.99458 5.7207
-5.98176 5.71767
-5.96916 5.71446
-5.95677 5.71109
-5.94458 5.70756
-5.93259 5.70389
-5.92077 5.70008
-5.90913 5.69613
-5.89764 5.69207
-5.88632 5.68789
-5.87514 5.6836
-5.8641 5.67921
-5.85321 5.67472
-5.84245 5.67015
-5.83183 5.6655
-5.82133 5.66078
-5.81097 5.656
-5.80073 5.65117
-5.79063 5.64629
-5.78065 5.64139
-5.77081 5.63647
-5.7611 5.63154
-5.75152 5.62662
-5.74208 5.62173
-5.73278 5.61689
-5.72361 5.6121
-5.71458 5.60739
-5.70569 5.60278
-5.69693 5.59829
-5.6883 5.59395
-5.6798 5.58977
-5.67142 5.58578
-5.66316 5.58201
-5.65499 5.57848
-5.64691 5.57522
-5.63891 5.57224
-5.63097 5.56958
-5.62306 5.56725
-5.61517 5.56528
-5.60727 5.56369
-5.59934 5.56249
-5.59136 5.5617
-5.58328 5.56132
-5.5751 5.56138
-5.56677 5.56188
-5.55827 5.56281
-5.54958 5.56419
-5.54066 5.56601
-5.53149 5.56827
-5.52205 5.57096
-5.51232 5.57407
-5.50227 5.5776
-5.49189 5.58153
-5.48116 5.58586
-5.47007 5.59057
-5.45861 5.59565
-5.44677 5.60108
-5.43455 5.60687
-5.42194 5.61299
-5.40894 5.61944
-5.39555 5.62621
-5.38177 5.63329
-5.3676 5.64068
-5.35305 5.64837
-5.33813 5.65636
-5.32283 5.66465
-5.30716 5.67324
-5.29113 5.68214
-5.27475 5.69134
-5.25802 5.70086
-5.24095 5.71069
-5.22355 5.72085
-5.20582 5.73135
-5.18777 5.7422
-5.1694 5.7534
-5.15073 5.76498
-5.13176 5.77695
-5.11249 5.78933
-5.09294 5.80212
-5.0731 5.81535
-5.05299 5.82905
-5.0326 5.84322
-5.01194 5.85788
-4.99103 5.87307
-4.96986 5.88881
-4.94843 5.90511
-4.92677 5.922
-4.90486 5.93951
-4.88272 5.95766
-4.86035 5.97649
-4.83776 5.99601
-4.81496 6.01626
-4.79196 6.03727
-4.76876 6.05907
-4.74537 6.08169
-4.72181 6.10516
-4.69808 6.12951
-4.6742 6.15479
-4.65019 6.18102
-4.62606 6.20824
-4.60182 6.23648
-4.5775 6.26578
-4.55312 6.29618
-4.52871 6.32772
-4.50428 6.36043
-4.47988 6.39436
-4.45552 6.42953
-4.43126 6.46599
-4.40712 6.50377
-4.38314 6.54292
-4.35939 6.58347
-4.33589 6.62545
-4.31272 6.66889
-4.28992 6.71384
-4.26756 6.76032
-4.2457 6.80836
-4.22442 6.85799
-4.20379 6.90923
-4.18388 6.96211
-4.16478 7.01663
-4.14657 7.07282
-4.12934 7.13068
-4.11318 7.19023
-4.09818 7.25146
-4.08443 7.31439
-4.07204 7.379
-4.06108 7.44529
-4.05166 7.51326
-4.04386 7.58291
-4.03779 7.65423
-4.03352 7.72721
-4.03116 7.80186
-4.03078 7.87818
-4.03248 7.95618
-4.03635 8.03589
-4.04249 8.11733
-4.05099 8.20053
-4.06197 8.28554
-4.07554 8.37241
-4.09182 8.46121
-4.11096 8.55201
-4.13312 8.64488
-4.15846 8.73989
-4.1872 8.83712
-4.21953 8.93665
-4.25571 9.03854
-4.29599 9.14283
-4.34065 9.24956
-4.39 9.35874
-4.44436 9.47035
-4.50407 9.58434
-4.56947 9.70062
-4.64094 9.81905
-4.71884 9.93945
-4.80355 10.0616
-4.89542 10.1852
-4.99481 10.3099
-5.10207 10.4353
-5.21749 10.561
-5.34136 10.6864
-5.47392 10.8109
-5.61534 10.934
-5.76577 11.0548
-5.92524 11.1727
-6.09375 11.2869
-6.27119 11.3965
-6.45735 11.5008
-6.65196 11.5989
-6.85459 11.6899
-7.06477 11.773
-7.28187 11.8475
-7.5052 11.9126
-7.73394 11.9676
-7.96721 12.0119
-8.20403 12.045
-8.44338 12.0666
-8.68417 12.0762
-8.92528 12.0738
-9.16558 12.0592
-9.40396 12.0326
-9.63929 11.9942
-9.87053 11.9443
-10.0967 11.8833
-10.3168 11.8117
-10.53 11.7302
-10.7355 11.6395
-10.9328 11.5402
-11.1212 11.4332
-11.3003 11.3194
-11.4697 11.1995
-11.6292 11.0744
-11.7788 10.9449
-11.9182 10.8118
-12.0476 10.6759
-12.1671 10.538
-12.2768 10.3987
-12.377 10.2587
-12.4679 10.1185
-12.55 9.97873
-12.6234 9.83984
-12.6887 9.70227
-12.7462 9.5664
-12.7963 9.43256
-12.8395 9.30103
-12.876 9.17207
-12.9064 9.04586
-12.931 8.92257
-12.9503 8.80234
-12.9646 8.68526
-12.9742 8.57141
-12.9795 8.46084
-12.9808 8.35356
-12.9785 8.24959
-12.9728 8.14892
-12.964 8.05152
-12.9523 7.95734
-12.9381 7.86635
-12.9214 7.77848
-12.9026 7.69366
-12.8818 7.61181
-12.8592 7.53287
-12.835 7.45673
-12.8093 7.38331
-12.7823 7.31253
-12.754 7.24428
-12.7246 7.17847
-12.6943 7.11501
-12.6631 7.0538
-12.6311 6.99474
-12.5985 6.93775
-12.5652 6.88273
-12.5314 6.82959
-12.4972 6.77824
-12.4626 6.7286
-12.4276 6.68059
-12.3924 6.63413
-12.357 6.58913
-12.3214 6.54553
-12.2857 6.50325
-12.2499 6.46222
-12.214 6.42238
-12.1782 6.38367
-12.1423 6.34601
-12.1065 6.30935
-12.0708 6.27363
-12.0352 6.2388
-11.9997 6.2048
-11.9643 6.17159
-11.9291 6.1391
-11.8941 6.1073
-11.8592 6.07613
-11.8245 6.04556
-11.79 6.01552
-11.7557 5.98599
-11.7217 5.95692
-11.6879 5.92827
-11.6543 5.9
-11.6209 5.87206
-11.5878 5.84443
-11.5549 5.81705
-11.5222 5.7899
-11.4899 5.76293
-11.4577 5.73611
-11.4259 5.7094
-11.3942 5.68277
-11.3629 5.65617
-11.3318 5.62958
-11.301 5.60295
-11.2705 5.57626
-11.2402 5.54945
-11.2102 5.52251
-11.1806 5.49538
-11.1512 5.46804
-11.1221 5.44044
-11.0933 5.41256
-11.0649 5.38435
-11.0368 5.35577
-11.009 5.32679
-10.9817 5.29737
-10.9546 5.26748
-10.9281 5.23706
-10.9019 5.20609
-10.8762 5.17453
-10.8509 5.14233
-10.8262 5.10946
-10.802 5.07589
-10.7784 5.04157
-10.7554 5.00647
-10.7331 4.97056
-10.7116 4.9338
-10.6908 4.89616
-10.6708 4.85762
-10.6518 4.81814
-10.6337 4.77771
-10.6167 4.7363
-10.6008 4.69392
-10.5861 4.65054
-10.5728 4.60617
-10.5608 4.56082
-10.5504 4.51451
-10.5417 4.46726
-10.5346 4.41911
-10.5295 4.37012
-10.5263 4.32035
-10.5252 4.26988
-10.5263 4.2188
-10.5298 4.16724
-10.5357 4.11531
-10.5442 4.06319
-10.5553 4.01103
-10.5692 3.95903
-10.5859 3.9074
-10.6054 3.85636
-10.6278 3.80616
-10.653 3.75706
-10.6812 3.70932
-10.7121 3.66323
-10.7456 3.61907
-10.7818 3.57711
-10.8203 3.53762
-10.861 3.50088
-10.9036 3.46712
-10.9478 3.43656
-10.9934 3.40939
-11.04 3.38576
-11.0872 3.36579
-11.1346 3.34956
-11.1819 3.33708
-11.2287 3.32834
-11.2745 3.32327
-11.319 3.32178
-11.3618 3.3237
-11.4025 3.32885
-11.441 3.33701
-11.4767 3.34793
-11.5096 3.36132
-11.5392 3.3769
-11.5656 3.39436
-11.5883 3.41339
-11.6075 3.43366
-11.6228 3.45486
-11.6342 3.47667
-11.6416 3.49878
-11.6449 3.52089
-11.6441 3.54268
-11.6391 3.56388
-11.6298 3.58418
-11.6161 3.60329
-11.5979 3.62091
-11.575 3.63671
-11.5473 3.65037
-11.5145 3.66149
-11.4763 3.66965
-11.4322 3.67434
-11.3818 3.67492
-11.3245 3.67061
-11.2595 3.6604
-11.1857 3.64295
-11.102 3.61649
-11.0068 3.57852
-10.8985 3.52559
-10.7749 3.45272
-10.6341 3.35262
-10.4742 3.21439
-10.2953 3.02153
