Path for ray(in pc) 12 7
Points calculated each 200 days for 1000 years.
5.99146 4.14101
5.9926 4.14059
5.99375 4.14016
5.99488 4.13973
5.99602 4.1393
5.99715 4.13887
5.99828 4.13843
5.99941 4.13799
6.00053 4.13755
6.00165 4.1371
6.00277 4.13665
6.00388 4.1362
6.00499 4.13574
6.0061 4.13528
6.0072 4.13482
6.00831 4.13435
6.0094 4.13388
6.0105 4.13341
6.01159 4.13294
6.01268 4.13246
6.01377 4.13198
6.01486 4.13149
6.01594 4.131
6.01702 4.13051
6.01809 4.13002
6.01917 4.12952
6.02024 4.12902
6.02131 4.12851
6.02237 4.128
6.02343 4.12749
6.02449 4.12697
6.02555 4.12645
6.02661 4.12593
6.02766 4.1254
6.02871 4.12487
6.02976 4.12434
6.0308 4.1238
6.03184 4.12326
6.03288 4.12271
6.03392 4.12216
6.03495 4.12161
6.03599 4.12105
6.03702 4.12049
6.03804 4.11993
6.03907 4.11936
6.04009 4.11879
6.04111 4.11821
6.04213 4.11763
6.04314 4.11705
6.04416 4.11646
6.04517 4.11587
6.04617 4.11527
6.04718 4.11467
6.04818 4.11407
6.04918 4.11346
6.05018 4.11284
6.05118 4.11223
6.05217 4.1116
6.05317 4.11098
6.05416 4.11035
6.05514 4.10971
6.05613 4.10907
6.05711 4.10843
6.05809 4.10778
6.05907 4.10713
6.06005 4.10647
6.06102 4.10581
6.06199 4.10515
6.06296 4.10447
6.06393 4.1038
6.06489 4.10312
6.06586 4.10243
6.06682 4.10174
6.06778 4.10105
6.06873 4.10035
6.06969 4.09965
6.07064 4.09894
6.07159 4.09822
6.07254 4.0975
6.07348 4.09678
6.07443 4.09605
6.07537 4.09532
6.07631 4.09458
6.07724 4.09383
6.07818 4.09308
6.07911 4.09233
6.08004 4.09157
6.08097 4.0908
6.08189 4.09003
6.08282 4.08925
6.08374 4.08847
6.08466 4.08768
6.08558 4.08689
6.08649 4.08609
6.0874 4.08529
6.08831 4.08448
6.08922 4.08366
6.09013 4.08284
6.09103 4.08202
6.09193 4.08118
6.09283 4.08034
6.09373 4.0795
6.09463 4.07865
6.09552 4.07779
6.09641 4.07693
6.0973 4.07606
6.09818 4.07519
6.09907 4.07431
6.09995 4.07342
6.10083 4.07253
6.1017 4.07163
6.10258 4.07072
6.10345 4.06981
6.10432 4.06889
6.10519 4.06796
6.10605 4.06703
6.10691 4.06609
6.10777 4.06515
6.10863 4.0642
6.10949 4.06324
6.11034 4.06227
6.11119 4.0613
6.11204 4.06032
6.11288 4.05934
6.11372 4.05834
6.11456 4.05734
6.1154 4.05634
6.11624 4.05532
6.11707 4.0543
6.1179 4.05327
6.11873 4.05224
6.11955 4.05119
6.12037 4.05014
6.12119 4.04909
6.12201 4.04802
6.12282 4.04695
6.12363 4.04587
6.12444 4.04478
6.12524 4.04368
6.12604 4.04258
6.12684 4.04147
6.12764 4.04035
6.12843 4.03922
6.12922 4.03808
6.13001 4.03694
6.13079 4.03579
6.13158 4.03463
6.13235 4.03346
6.13313 4.03229
6.1339 4.0311
6.13467 4.02991
6.13543 4.02871
6.13619 4.0275
6.13695 4.02628
6.13771 4.02505
6.13846 4.02382
6.13921 4.02257
6.13995 4.02132
6.14069 4.02006
6.14143 4.01878
6.14216 4.0175
6.14289 4.01621
6.14362 4.01492
6.14434 4.01361
6.14506 4.01229
6.14578 4.01096
6.14649 4.00963
6.1472 4.00828
6.1479 4.00693
6.1486 4.00556
6.14929 4.00419
6.14998 4.00281
6.15067 4.00141
6.15135 4.00001
6.15203 3.9986
6.1527 3.99717
6.15337 3.99574
6.15404 3.99429
6.1547 3.99284
6.15535 3.99138
6.156 3.9899
6.15665 3.98842
6.15729 3.98692
6.15793 3.98542
6.15856 3.9839
6.15918 3.98237
6.1598 3.98083
6.16042 3.97929
6.16103 3.97773
6.16164 3.97615
6.16224 3.97457
6.16283 3.97298
6.16342 3.97138
6.164 3.96976
6.16458 3.96813
6.16515 3.96649
6.16571 3.96484
6.16627 3.96318
6.16683 3.96151
6.16737 3.95982
6.16792 3.95813
6.16845 3.95642
6.16898 3.9547
6.1695 3.95297
6.17001 3.95122
6.17052 3.94946
6.17102 3.9477
6.17152 3.94591
6.172 3.94412
6.17248 3.94231
6.17296 3.94049
6.17342 3.93866
6.17388 3.93682
6.17433 3.93496
6.17477 3.93309
6.17521 3.93121
6.17563 3.92931
6.17605 3.9274
6.17646 3.92548
6.17686 3.92354
6.17726 3.92159
6.17764 3.91963
6.17802 3.91766
6.17838 3.91567
6.17874 3.91366
6.17909 3.91164
6.17943 3.90961
6.17976 3.90757
6.18008 3.90551
6.18039 3.90344
6.18069 3.90135
6.18098 3.89925
6.18126 3.89713
6.18153 3.895
6.18179 3.89286
6.18204 3.8907
6.18228 3.88853
6.18251 3.88634
6.18272 3.88414
6.18293 3.88192
6.18312 3.87969
6.1833 3.87744
6.18347 3.87518
6.18363 3.8729
6.18377 3.87061
6.1839 3.8683
6.18402 3.86597
6.18413 3.86364
6.18422 3.86128
6.1843 3.85891
6.18437 3.85653
6.18442 3.85413
6.18446 3.85171
6.18449 3.84928
6.1845 3.84683
6.18449 3.84436
6.18448 3.84189
6.18444 3.83939
6.18439 3.83688
6.18433 3.83435
6.18425 3.83181
6.18415 3.82924
6.18404 3.82667
6.18391 3.82408
6.18376 3.82147
6.1836 3.81884
6.18342 3.8162
6.18322 3.81354
6.18301 3.81086
6.18277 3.80817
6.18252 3.80546
6.18225 3.80274
6.18196 3.8
6.18165 3.79724
6.18132 3.79446
6.18097 3.79167
6.18061 3.78886
6.18022 3.78604
6.17981 3.7832
6.17937 3.78034
6.17892 3.77746
6.17845 3.77457
6.17795 3.77166
6.17743 3.76873
6.17689 3.76579
6.17633 3.76283
6.17574 3.75986
6.17513 3.75686
6.17449 3.75385
6.17383 3.75083
6.17315 3.74778
6.17244 3.74472
6.1717 3.74165
6.17094 3.73855
6.17015 3.73544
6.16933 3.73232
6.16849 3.72917
6.16762 3.72601
6.16672 3.72284
6.1658 3.71965
6.16484 3.71644
6.16386 3.71321
6.16284 3.70997
6.1618 3.70672
6.16072 3.70345
6.15962 3.70016
6.15848 3.69686
6.15731 3.69354
6.15611 3.6902
6.15487 3.68685
6.15361 3.68349
6.15231 3.68011
6.15097 3.67672
6.1496 3.67331
6.1482 3.66989
6.14676 3.66645
6.14528 3.663
6.14377 3.65953
6.14222 3.65606
6.14063 3.65256
6.139 3.64906
6.13734 3.64554
6.13563 3.64201
6.13389 3.63847
6.13211 3.63491
6.13028 3.63134
6.12842 3.62777
6.12651 3.62418
6.12456 3.62058
6.12257 3.61696
6.12054 3.61334
6.11846 3.60971
6.11633 3.60607
6.11417 3.60242
6.11195 3.59876
6.10969 3.59509
6.10738 3.59141
6.10503 3.58773
6.10263 3.58404
6.10018 3.58034
6.09768 3.57664
6.09513 3.57293
6.09253 3.56922
6.08988 3.5655
6.08718 3.56177
6.08443 3.55804
6.08163 3.55431
6.07877 3.55058
6.07586 3.54685
6.0729 3.54311
6.06988 3.53937
6.06681 3.53564
6.06368 3.5319
6.06049 3.52817
6.05725 3.52443
6.05395 3.5207
6.05059 3.51698
6.04718 3.51325
6.04371 3.50954
6.04017 3.50582
6.03658 3.50212
6.03293 3.49842
6.02921 3.49473
6.02544 3.49105
6.0216 3.48738
6.0177 3.48372
6.01374 3.48007
6.00971 3.47644
6.00562 3.47282
6.00147 3.46921
5.99725 3.46562
5.99297 3.46205
5.98862 3.4585
5.98421 3.45496
5.97973 3.45144
5.97518 3.44795
5.97057 3.44448
5.96589 3.44103
5.96114 3.4376
5.95633 3.4342
5.95145 3.43083
5.9465 3.42749
5.94148 3.42418
5.93639 3.4209
5.93124 3.41765
5.92601 3.41443
5.92072 3.41125
5.91536 3.4081
5.90992 3.405
5.90442 3.40193
5.89885 3.3989
5.89322 3.39591
5.88751 3.39297
5.88173 3.39007
5.87588 3.38722
5.86997 3.38442
5.86399 3.38166
5.85793 3.37896
5.85181 3.37631
5.84563 3.37371
5.83937 3.37117
5.83305 3.36868
5.82666 3.36626
5.8202 3.36389
5.81368 3.36159
5.80709 3.35935
5.80044 3.35717
5.79372 3.35506
5.78694 3.35302
5.7801 3.35105
5.77319 3.34915
5.76622 3.34733
5.75919 3.34558
5.75211 3.3439
5.74496 3.34231
5.73775 3.34079
5.73049 3.33935
5.72317 3.338
5.7158 3.33673
5.70837 3.33555
5.70089 3.33446
5.69336 3.33345
5.68578 3.33254
5.67814 3.33171
5.67047 3.33099
5.66274 3.33035
5.65497 3.32982
5.64716 3.32938
5.63931 3.32904
5.63141 3.3288
5.62348 3.32867
5.61551 3.32864
5.60751 3.32871
5.59948 3.32889
5.59141 3.32918
5.58331 3.32957
5.57519 3.33008
5.56704 3.33069
5.55887 3.33142
5.55068 3.33226
5.54246 3.33321
5.53423 3.33428
5.52599 3.33547
5.51773 3.33677
5.50946 3.33819
5.50119 3.33973
5.49291 3.34138
5.48462 3.34316
5.47634 3.34505
5.46805 3.34707
5.45977 3.3492
5.45149 3.35146
5.44323 3.35384
5.43497 3.35633
5.42673 3.35896
5.4185 3.3617
5.41029 3.36456
5.40211 3.36755
5.39394 3.37066
5.38581 3.37389
5.3777 3.37724
5.36962 3.38071
5.36158 3.3843
5.35357 3.38802
5.3456 3.39185
5.33767 3.3958
5.32979 3.39987
5.32195 3.40406
5.31416 3.40836
5.30642 3.41278
5.29874 3.41732
5.29111 3.42197
5.28354 3.42673
5.27603 3.43161
5.26858 3.43659
5.2612 3.44169
5.25389 3.44689
5.24665 3.4522
5.23948 3.45762
5.23238 3.46314
5.22536 3.46876
5.21841 3.47448
5.21155 3.4803
5.20477 3.48622
5.19808 3.49224
5.19147 3.49834
5.18495 3.50454
5.17852 3.51083
5.17218 3.51721
5.16593 3.52367
5.15978 3.53022
5.15372 3.53685
5.14776 3.54356
5.1419 3.55035
5.13614 3.55721
5.13048 3.56414
5.12493 3.57115
5.11948 3.57822
5.11413 3.58537
5.10889 3.59257
5.10376 3.59984
5.09873 3.60716
5.09382 3.61455
5.08901 3.62199
5.08432 3.62948
5.07973 3.63702
5.07526 3.64461
5.07089 3.65224
5.06664 3.65992
5.06251 3.66764
5.05848 3.6754
5.05457 3.68319
5.05077 3.69102
5.04709 3.69887
5.04352 3.70676
5.04006 3.71467
5.03672 3.72261
5.03349 3.73057
5.03037 3.73855
5.02737 3.74655
5.02448 3.75456
5.0217 3.76259
5.01903 3.77062
5.01648 3.77867
5.01403 3.78672
5.0117 3.79478
5.00947 3.80284
5.00736 3.8109
5.00535 3.81896
5.00345 3.82702
5.00166 3.83507
4.99998 3.84311
4.9984 3.85115
4.99692 3.85917
4.99555 3.86718
4.99428 3.87518
4.99312 3.88317
4.99205 3.89113
4.99109 3.89908
4.99022 3.907
4.98945 3.91491
4.98878 3.92279
4.9882 3.93064
4.98772 3.93847
4.98733 3.94627
4.98703 3.95404
4.98682 3.96178
4.9867 3.96949
4.98667 3.97717
4.98673 3.98481
4.98688 3.99242
4.9871 3.99999
4.98741 4.00752
4.98781 4.01502
4.98828 4.02247
4.98884 4.02989
4.98947 4.03727
4.99017 4.0446
4.99096 4.05189
4.99182 4.05914
4.99275 4.06634
4.99375 4.0735
4.99482 4.08061
4.99596 4.08767
4.99717 4.09469
4.99845 4.10166
4.99979 4.10859
5.00119 4.11546
5.00266 4.12229
5.00419 4.12906
5.00578 4.13579
5.00742 4.14247
5.00913 4.14909
5.01089 4.15567
5.0127 4.16219
5.01457 4.16866
5.01649 4.17508
5.01847 4.18145
5.02049 4.18777
5.02256 4.19403
5.02468 4.20025
5.02685 4.20641
5.02906 4.21251
5.03132 4.21857
5.03362 4.22457
5.03596 4.23052
5.03834 4.23641
5.04076 4.24226
5.04323 4.24805
5.04572 4.25378
5.04826 4.25947
5.05083 4.2651
5.05344 4.27068
5.05608 4.27621
5.05876 4.28168
5.06146 4.28711
5.0642 4.29248
5.06697 4.2978
5.06976 4.30306
5.07259 4.30828
5.07544 4.31344
5.07832 4.31856
5.08122 4.32362
5.08415 4.32863
5.0871 4.33359
5.09008 4.33851
5.09308 4.34337
5.0961 4.34818
5.09914 4.35294
5.1022 4.35766
5.10528 4.36232
5.10838 4.36694
5.1115 4.37151
5.11464 4.37603
5.11779 4.3805
5.12095 4.38493
5.12414 4.38931
5.12733 4.39364
5.13055 4.39792
5.13377 4.40216
5.13701 4.40636
5.14026 4.41051
5.14352 4.41461
5.14679 4.41867
5.15007 4.42269
5.15337 4.42666
5.15667 4.43059
5.15998 4.43448
5.1633 4.43832
5.16663 4.44213
5.16997 4.44588
5.17331 4.4496
5.17666 4.45328
5.18002 4.45692
5.18338 4.46051
5.18674 4.46407
5.19012 4.46758
5.19349 4.47106
5.19687 4.4745
5.20026 4.4779
5.20364 4.48126
5.20704 4.48458
5.21043 4.48787
5.21382 4.49111
5.21722 4.49433
5.22062 4.4975
5.22402 4.50064
5.22742 4.50375
5.23083 4.50681
5.23423 4.50985
5.23763 4.51285
5.24104 4.51581
5.24444 4.51874
5.24784 4.52164
5.25124 4.52451
5.25464 4.52734
5.25804 4.53014
5.26144 4.53291
5.26483 4.53564
5.26822 4.53835
5.27161 4.54102
5.275 4.54366
5.27839 4.54628
5.28177 4.54886
5.28515 4.55141
5.28853 4.55394
5.2919 4.55643
5.29527 4.5589
5.29863 4.56133
5.302 4.56374
5.30535 4.56613
5.30871 4.56848
5.31206 4.57081
5.3154 4.57311
5.31874 4.57538
5.32207 4.57763
5.3254 4.57985
5.32873 4.58205
5.33205 4.58422
5.33536 4.58636
5.33867 4.58849
5.34198 4.59058
5.34527 4.59266
5.34857 4.5947
5.35185 4.59673
5.35513 4.59873
5.35841 4.60071
5.36168 4.60267
5.36494 4.6046
5.36819 4.60651
5.37144 4.6084
5.37469 4.61027
5.37793 4.61211
5.38116 4.61394
5.38438 4.61574
5.3876 4.61752
5.39081 4.61928
5.39401 4.62103
5.39721 4.62275
5.4004 4.62445
5.40358 4.62613
5.40676 4.6278
5.40993 4.62944
5.41309 4.63107
5.41625 4.63267
5.41939 4.63426
5.42253 4.63583
5.42567 4.63738
5.4288 4.63892
5.43191 4.64043
5.43503 4.64193
5.43813 4.64342
5.44123 4.64488
5.44432 4.64633
5.4474 4.64776
5.45048 4.64918
5.45355 4.65057
5.45661 4.65196
5.45966 4.65332
5.46271 4.65468
5.46574 4.65601
5.46878 4.65733
5.4718 4.65864
5.47482 4.65993
5.47782 4.6612
5.48083 4.66247
5.48382 4.66371
5.4868 4.66494
5.48978 4.66616
5.49275 4.66737
5.49572 4.66856
5.49867 4.66973
5.50162 4.6709
5.50456 4.67205
5.5075 4.67318
5.51042 4.67431
5.51334 4.67542
5.51625 4.67652
5.51916 4.6776
5.52205 4.67867
5.52494 4.67974
5.52782 4.68078
5.5307 4.68182
5.53356 4.68284
5.53642 4.68386
5.53927 4.68486
5.54212 4.68585
5.54495 4.68682
5.54778 4.68779
5.55061 4.68874
5.55342 4.68969
5.55623 4.69062
5.55903 4.69154
5.56182 4.69245
5.56461 4.69335
5.56738 4.69424
5.57015 4.69512
5.57292 4.69599
5.57567 4.69685
5.57842 4.6977
5.58117 4.69853
5.5839 4.69936
5.58663 4.70018
5.58935 4.70099
5.59206 4.70179
5.59477 4.70257
5.59747 4.70335
5.60016 4.70412
5.60285 4.70488
5.60552 4.70563
5.60819 4.70637
5.61086 4.70711
5.61352 4.70783
5.61617 4.70854
5.61881 4.70925
5.62145 4.70994
5.62408 4.71063
5.6267 4.71131
5.62931 4.71198
5.63192 4.71264
5.63453 4.71329
5.63712 4.71394
5.63971 4.71457
5.64229 4.7152
5.64487 4.71582
5.64744 4.71643
5.65 4.71703
5.65256 4.71762
5.65511 4.71821
5.65765 4.71878
5.66018 4.71935
5.66271 4.71991
5.66524 4.72047
5.66775 4.72101
5.67026 4.72155
5.67277 4.72208
5.67527 4.7226
5.67776 4.72311
5.68024 4.72361
5.68272 4.72411
5.68519 4.7246
5.68766 4.72508
5.69012 4.72556
5.69258 4.72602
5.69502 4.72648
5.69747 4.72693
5.6999 4.72737
5.70233 4.72781
5.70476 4.72824
5.70718 4.72866
5.70959 4.72907
5.712 4.72948
5.7144 4.72987
5.71679 4.73026
5.71918 4.73065
5.72156 4.73102
5.72394 4.73139
5.72631 4.73175
5.72868 4.7321
5.73104 4.73244
5.7334 4.73278
5.73575 4.73311
5.73809 4.73343
5.74043 4.73374
5.74277 4.73405
5.7451 4.73435
5.74742 4.73464
5.74974 4.73493
5.75205 4.7352
5.75436 4.73547
5.75667 4.73573
5.75896 4.73598
5.76126 4.73623
5.76355 4.73647
5.76583 4.7367
5.76811 4.73692
5.77038 4.73714
5.77265 4.73734
5.77492 4.73754
5.77718 4.73773
5.77944 4.73792
5.78169 4.73809
5.78393 4.73826
5.78618 4.73842
5.78842 4.73857
5.79065 4.73872
5.79288 4.73886
5.79511 4.73898
5.79733 4.7391
5.79955 4.73922
5.80176 4.73932
5.80397 4.73942
5.80618 4.73951
5.80838 4.73959
5.81058 4.73966
5.81278 4.73972
5.81497 4.73978
5.81716 4.73982
5.81934 4.73986
5.82152 4.73989
5.8237 4.73991
5.82588 4.73993
5.82805 4.73993
5.83022 4.73993
5.83239 4.73992
5.83455 4.7399
5.83672 4.73987
5.83888 4.73983
5.84103 4.73978
5.84319 4.73973
5.84534 4.73966
5.84749 4.73959
5.84963 4.73951
5.85178 4.73942
5.85392 4.73932
5.85606 4.73921
5.8582 4.73909
5.86034 4.73897
5.86248 4.73883
5.86461 4.73869
5.86674 4.73853
5.86888 4.73837
5.87101 4.7382
5.87313 4.73802
5.87526 4.73783
5.87739 4.73763
5.87952 4.73742
5.88164 4.7372
5.88377 4.73697
5.88589 4.73674
5.88801 4.73649
5.89014 4.73623
5.89226 4.73597
5.89438 4.73569
5.89651 4.7354
5.89863 4.73511
5.90075 4.73481
5.90288 4.73449
5.905 4.73417
5.90713 4.73383
5.90925 4.73349
5.91138 4.73314
5.9135 4.73277
5.91563 4.7324
5.91776 4.73202
5.91989 4.73162
5.92202 4.73122
5.92415 4.73081
5.92629 4.73038
5.92842 4.72995
5.93056 4.7295
5.9327 4.72905
5.93484 4.72859
5.93699 4.72811
5.93913 4.72763
5.94128 4.72713
5.94343 4.72663
5.94558 4.72611
5.94774 4.72559
5.9499 4.72505
5.95206 4.72451
5.95423 4.72395
5.95639 4.72338
5.95857 4.72281
5.96074 4.72222
5.96292 4.72162
5.9651 4.72101
5.96729 4.72039
5.96948 4.71977
5.97167 4.71913
5.97387 4.71848
5.97607 4.71782
5.97828 4.71714
5.98049 4.71646
5.9827 4.71577
5.98492 4.71507
5.98715 4.71435
5.98938 4.71363
5.99161 4.71289
5.99385 4.71215
5.9961 4.71139
5.99835 4.71063
6.00061 4.70985
6.00287 4.70906
6.00514 4.70826
6.00741 4.70746
6.00969 4.70664
6.01198 4.70581
6.01427 4.70496
6.01657 4.70411
6.01887 4.70325
6.02119 4.70238
6.0235 4.70149
6.02583 4.7006
6.02816 4.69969
6.0305 4.69878
6.03285 4.69785
6.0352 4.69691
6.03756 4.69596
6.03993 4.69501
6.0423 4.69404
6.04469 4.69306
6.04708 4.69206
6.04948 4.69106
6.05188 4.69005
6.0543 4.68902
6.05672 4.68799
6.05915 4.68694
6.06159 4.68589
6.06404 4.68482
6.0665 4.68374
6.06896 4.68265
6.07144 4.68155
6.07392 4.68044
6.07641 4.67932
6.07891 4.67819
6.08142 4.67704
6.08394 4.67589
6.08647 4.67472
6.08901 4.67355
6.09156 4.67236
6.09411 4.67116
6.09668 4.66995
6.09926 4.66873
6.10184 4.6675
6.10444 4.66625
6.10705 4.665
6.10966 4.66373
6.11229 4.66245
6.11493 4.66117
6.11758 4.65987
6.12024 4.65856
6.1229 4.65723
6.12558 4.6559
6.12827 4.65455
6.13098 4.6532
6.13369 4.65183
6.13641 4.65045
6.13915 4.64906
6.14189 4.64766
6.14465 4.64624
6.14742 4.64481
6.1502 4.64338
6.15299 4.64193
6.15579 4.64046
6.1586 4.63899
6.16143 4.6375
6.16427 4.63601
6.16712 4.6345
6.16998 4.63297
6.17286 4.63144
6.17574 4.62989
6.17864 4.62833
6.18155 4.62676
6.18448 4.62518
6.18741 4.62358
6.19036 4.62197
6.19332 4.62035
6.1963 4.61872
6.19928 4.61707
6.20228 4.61541
6.20529 4.61374
6.20832 4.61205
6.21136 4.61035
6.21441 4.60864
6.21748 4.60691
6.22055 4.60517
6.22365 4.60342
6.22675 4.60165
6.22987 4.59987
6.233 4.59808
6.23615 4.59627
6.23931 4.59445
6.24249 4.59261
6.24567 4.59076
6.24888 4.58889
6.25209 4.58701
6.25532 4.58512
6.25857 4.58321
6.26183 4.58128
6.2651 4.57934
6.26839 4.57739
6.27169 4.57542
6.27501 4.57343
6.27834 4.57143
6.28169 4.56941
6.28505 4.56738
6.28843 4.56533
6.29182 4.56327
6.29523 4.56119
6.29866 4.55909
6.30209 4.55697
6.30555 4.55484
6.30902 4.55269
6.3125 4.55053
6.316 4.54834
6.31952 4.54614
6.32305 4.54392
6.3266 4.54169
6.33016 4.53943
6.33374 4.53716
6.33734 4.53487
6.34095 4.53256
6.34458 4.53023
6.34823 4.52788
6.35189 4.52551
6.35557 4.52313
6.35927 4.52072
6.36298 4.51829
6.36671 4.51585
6.37045 4.51338
6.37422 4.51089
6.378 4.50838
6.3818 4.50585
6.38561 4.5033
6.38944 4.50072
6.39329 4.49813
6.39716 4.49551
6.40105 4.49287
6.40495 4.49021
6.40887 4.48752
6.41281 4.48481
6.41676 4.48208
6.42074 4.47932
6.42473 4.47654
6.42874 4.47374
6.43277 4.47091
6.43682 4.46805
6.44089 4.46517
6.44497 4.46226
6.44908 4.45933
6.4532 4.45637
6.45734 4.45338
6.4615 4.45037
6.46568 4.44733
6.46988 4.44426
6.4741 4.44116
6.47834 4.43804
6.4826 4.43488
6.48687 4.4317
6.49117 4.42849
6.49548 4.42524
6.49982 4.42197
6.50418 4.41867
6.50855 4.41533
6.51295 4.41196
6.51736 4.40856
6.5218 4.40513
6.52625 4.40166
6.53073 4.39817
6.53523 4.39463
6.53975 4.39106
6.54428 4.38746
6.54884 4.38382
6.55342 4.38015
6.55802 4.37644
6.56264 4.37269
6.56728 4.36891
6.57195 4.36509
6.57663 4.36123
6.58134 4.35733
6.58606 4.35339
6.59081 4.34941
6.59558 4.34539
6.60037 4.34133
6.60518 4.33723
6.61001 4.33308
6.61487 4.32889
6.61974 4.32466
6.62464 4.32039
6.62956 4.31607
6.6345 4.3117
6.63947 4.30729
6.64445 4.30283
6.64946 4.29832
6.65448 4.29377
6.65953 4.28916
6.6646 4.28451
6.6697 4.2798
6.67481 4.27505
6.67995 4.27024
6.68511 4.26538
6.69029 4.26047
6.69549 4.2555
6.70071 4.25048
6.70596 4.2454
6.71123 4.24027
6.71652 4.23508
6.72183 4.22983
6.72716 4.22452
6.73251 4.21915
6.73789 4.21372
6.74328 4.20823
6.7487 4.20267
6.75414 4.19706
6.7596 4.19137
6.76508 4.18562
6.77058 4.17981
6.7761 4.17393
6.78165 4.16797
6.78721 4.16195
6.79279 4.15586
6.79839 4.1497
6.80402 4.14346
6.80966 4.13715
6.81532 4.13077
6.821 4.1243
6.8267 4.11777
6.83242 4.11115
6.83816 4.10445
6.84392 4.09767
6.84969 4.09081
6.85548 4.08387
6.86129 4.07684
6.86711 4.06972
6.87296 4.06252
6.87881 4.05523
6.88469 4.04785
6.89058 4.04037
6.89648 4.03281
6.9024 4.02515
6.90833 4.01739
6.91428 4.00954
6.92024 4.00159
6.92621 3.99354
6.93219 3.98538
6.93818 3.97713
6.94419 3.96877
6.9502 3.9603
6.95622 3.95172
6.96225 3.94304
6.96829 3.93424
6.97434 3.92533
6.98039 3.9163
6.98645 3.90716
6.99251 3.8979
6.99857 3.88852
7.00464 3.87902
7.01071 3.86939
7.01677 3.85964
7.02284 3.84976
7.0289 3.83976
7.03497 3.82962
7.04102 3.81934
7.04707 3.80893
7.05312 3.79839
7.05915 3.7877
7.06518 3.77687
7.07119 3.7659
7.07719 3.75479
7.08318 3.74352
7.08915 3.73211
7.0951 3.72054
7.10103 3.70882
7.10694 3.69694
7.11283 3.68491
7.11869 3.67271
7.12452 3.66035
7.13033 3.64782
7.1361 3.63513
7.14183 3.62227
7.14753 3.60923
7.15319 3.59602
7.15881 3.58263
7.16438 3.56906
7.16991 3.55531
7.17538 3.54137
7.18081 3.52725
7.18617 3.51294
7.19148 3.49844
7.19672 3.48374
7.2019 3.46885
7.207 3.45376
7.21204 3.43846
7.217 3.42297
7.22187 3.40726
7.22666 3.39135
7.23137 3.37523
7.23598 3.35889
7.24049 3.34234
7.2449 3.32557
7.2492 3.30859
7.25339 3.29138
7.25747 3.27394
7.26142 3.25628
7.26525 3.23839
7.26894 3.22027
7.2725 3.20192
7.27591 3.18333
7.27918 3.16451
7.28228 3.14545
7.28523 3.12615
7.28801 3.10661
7.29062 3.08683
7.29304 3.0668
7.29527 3.04653
7.29731 3.02601
7.29915 3.00525
7.30078 2.98423
7.30219 2.96297
7.30337 2.94146
7.30432 2.9197
7.30503 2.89769
7.30549 2.87543
7.30569 2.85292
7.30562 2.83016
7.30527 2.80715
7.30464 2.78389
7.30372 2.76039
7.30248 2.73664
7.30094 2.71265
7.29907 2.68842
7.29686 2.66394
7.29431 2.63923
7.29141 2.61429
7.28814 2.58911
7.28449 2.56371
7.28046 2.53808
7.27603 2.51223
7.27119 2.48617
7.26592 2.4599
7.26023 2.43343
7.2541 2.40675
7.24751 2.37989
7.24045 2.35284
7.23292 2.32561
7.22489 2.29821
7.21637 2.27065
7.20734 2.24294
7.19778 2.21509
7.18768 2.1871
7.17704 2.159
7.16584 2.13078
7.15408 2.10246
7.14173 2.07405
7.12879 2.04557
7.11526 2.01703
7.10111 1.98845
7.08634 1.95983
7.07093 1.9312
7.05489 1.90257
7.0382 1.87395
7.02085 1.84537
7.00284 1.81685
6.98415 1.78839
6.96478 1.76002
6.94472 1.73176
6.92397 1.70364
6.90252 1.67566
6.88037 1.64786
6.85751 1.62025
6.83395 1.59286
6.80967 1.56571
6.78468 1.53882
6.75897 1.51222
6.73256 1.48593
6.70543 1.45997
6.67759 1.43438
6.64905 1.40917
6.61981 1.38437
6.58987 1.36001
6.55924 1.33612
6.52793 1.3127
6.49596 1.28981
6.46332 1.26744
6.43003 1.24565
6.3961 1.22444
6.36155 1.20384
6.32639 1.18388
6.29064 1.16459
6.25431 1.14598
6.21742 1.12807
6.18 1.1109
6.14207 1.09448
6.10363 1.07884
6.06473 1.06398
6.02538 1.04994
5.98561 1.03673
5.94544 1.02437
5.9049 1.01288
5.86402 1.00226
5.82282 0.992538
5.78135 0.983722
5.73961 0.975823
5.69765 0.968852
5.6555 0.962818
5.61319 0.957729
5.57074 0.953589
5.5282 0.950405
5.48559 0.948178
5.44294 0.946912
5.4003 0.946605
5.35768 0.947257
5.31513 0.948866
5.27267 0.951426
5.23034 0.954934
5.18817 0.959381
5.14619 0.96476
5.10442 0.971061
5.0629 0.978273
5.02167 0.986384
4.98073 0.99538
4.94014 1.00525
4.8999 1.01597
4.86005 1.02753
4.82061 1.03992
4.78161 1.0531
4.74307 1.06707
4.70501 1.08181
4.66745 1.09728
4.63042 1.11348
4.59392 1.13037
4.55798 1.14793
4.52262 1.16615
4.48785 1.185
4.45368 1.20445
4.42012 1.22448
4.3872 1.24507
4.35492 1.26618
4.32328 1.2878
4.2923 1.3099
4.26198 1.33246
4.23234 1.35545
4.20337 1.37884
4.17508 1.40262
4.14747 1.42675
4.12055 1.45122
4.09431 1.476
4.06876 1.50107
4.04389 1.5264
4.0197 1.55197
3.9962 1.57776
3.97338 1.60375
3.95123 1.62992
3.92975 1.65624
3.90893 1.6827
3.88878 1.70928
3.86928 1.73596
3.85042 1.76271
3.8322 1.78953
3.81462 1.8164
3.79765 1.84329
3.7813 1.8702
3.76556 1.8971
3.75041 1.92399
3.73585 1.95084
3.72187 1.97765
3.70845 2.0044
3.6956 2.03108
3.68328 2.05768
3.67151 2.08419
3.66025 2.11059
3.64952 2.13688
3.63929 2.16304
3.62955 2.18907
3.62029 2.21496
3.6115 2.2407
3.60318 2.26628
3.5953 2.2917
3.58786 2.31695
3.58085 2.34202
3.57426 2.3669
3.56808 2.3916
3.56229 2.41611
3.55689 2.44041
3.55186 2.46452
3.5472 2.48841
3.54289 2.5121
3.53893 2.53558
3.5353 2.55883
3.53201 2.58187
3.52902 2.60469
3.52635 2.62729
3.52397 2.64966
3.52188 2.67181
3.52007 2.69373
3.51854 2.71542
3.51726 2.73688
3.51625 2.75811
3.51547 2.77911
3.51494 2.79988
3.51464 2.82042
3.51456 2.84073
3.5147 2.86081
3.51504 2.88066
3.51559 2.90029
3.51633 2.91968
3.51726 2.93885
3.51838 2.95779
3.51966 2.9765
3.52112 2.99499
3.52273 3.01326
3.52451 3.0313
3.52643 3.04913
3.5285 3.06674
3.53071 3.08412
3.53306 3.1013
3.53553 3.11826
3.53813 3.13501
3.54085 3.15155
3.54368 3.16788
3.54662 3.184
3.54967 3.19992
3.55282 3.21563
3.55606 3.23115
3.5594 3.24647
3.56283 3.26159
3.56634 3.27651
3.56993 3.29125
3.5736 3.30579
3.57735 3.32015
3.58116 3.33432
3.58504 3.3483
3.58899 3.36211
3.593 3.37573
3.59707 3.38918
3.60119 3.40245
3.60536 3.41555
3.60958 3.42848
3.61386 3.44123
3.61817 3.45383
3.62253 3.46625
3.62692 3.47852
3.63136 3.49062
3.63583 3.50257
3.64033 3.51436
3.64486 3.52599
3.64942 3.53747
3.65401 3.54881
3.65863 3.55999
3.66326 3.57103
3.66792 3.58192
3.6726 3.59267
3.67729 3.60328
3.68201 3.61376
3.68673 3.62409
3.69147 3.63429
3.69623 3.64436
3.70099 3.6543
3.70576 3.66411
3.71055 3.67379
3.71533 3.68334
3.72013 3.69277
3.72492 3.70208
3.72973 3.71127
3.73453 3.72034
3.73934 3.72929
3.74414 3.73813
3.74895 3.74685
3.75375 3.75547
3.75855 3.76397
3.76335 3.77236
3.76814 3.78064
3.77293 3.78882
3.77771 3.79689
3.78249 3.80487
3.78726 3.81273
3.79202 3.8205
3.79678 3.82817
3.80152 3.83575
3.80626 3.84323
3.81099 3.85061
3.8157 3.8579
3.8204 3.8651
3.8251 3.8722
3.82978 3.87922
3.83444 3.88615
3.8391 3.893
3.84374 3.89975
3.84837 3.90643
3.85298 3.91302
3.85758 3.91953
3.86216 3.92596
3.86673 3.9323
3.87128 3.93857
3.87582 3.94477
3.88034 3.95088
3.88484 3.95692
3.88933 3.96289
3.8938 3.96878
3.89825 3.97461
3.90269 3.98036
3.90711 3.98604
3.91151 3.99165
3.91589 3.99719
3.92025 4.00267
3.9246 4.00808
3.92893 4.01342
3.93323 4.0187
3.93752 4.02391
3.94179 4.02907
3.94604 4.03416
3.95028 4.03919
3.95449 4.04416
3.95868 4.04907
3.96286 4.05392
3.96701 4.05872
3.97115 4.06345
3.97526 4.06814
3.97936 4.07276
3.98343 4.07733
3.98749 4.08185
3.99152 4.08631
3.99554 4.09073
3.99954 4.09509
4.00351 4.09939
4.00747 4.10365
4.0114 4.10786
4.01532 4.11202
4.01921 4.11613
4.02309 4.12019
4.02694 4.12421
4.03078 4.12818
4.03459 4.1321
4.03839 4.13598
4.04216 4.13981
4.04592 4.1436
4.04965 4.14735
4.05337 4.15105
4.05706 4.15471
4.06074 4.15833
4.06439 4.1619
4.06803 4.16544
4.07164 4.16894
4.07524 4.17239
4.07881 4.17581
4.08237 4.17918
4.0859 4.18252
4.08942 4.18582
4.09292 4.18909
4.09639 4.19232
4.09985 4.19551
4.10329 4.19866
4.10671 4.20178
4.11011 4.20486
4.11349 4.20791
4.11685 4.21093
4.12019 4.21391
4.12352 4.21685
4.12682 4.21977
4.1301 4.22265
4.13337 4.2255
4.13662 4.22832
4.13985 4.2311
4.14306 4.23386
4.14625 4.23658
4.14942 4.23928
4.15258 4.24194
4.15571 4.24458
4.15883 4.24718
4.16193 4.24976
4.16501 4.25231
4.16807 4.25483
4.17112 4.25732
4.17415 4.25978
4.17716 4.26222
4.18015 4.26463
4.18312 4.26702
4.18608 4.26937
4.18902 4.2717
4.19194 4.27401
4.19485 4.27629
4.19773 4.27854
4.2006 4.28078
4.20346 4.28298
4.20629 4.28516
4.20911 4.28732
4.21191 4.28945
4.2147 4.29156
4.21747 4.29365
4.22022 4.29571
4.22295 4.29775
4.22567 4.29977
4.22838 4.30177
4.23106 4.30374
4.23373 4.3057
4.23639 4.30763
4.23902 4.30954
4.24165 4.31143
4.24425 4.3133
4.24684 4.31514
4.24942 4.31697
4.25198 4.31878
4.25452 4.32056
4.25705 4.32233
4.25956 4.32408
4.26206 4.32581
4.26454 4.32752
4.26701 4.32921
4.26946 4.33088
4.2719 4.33253
4.27432 4.33417
4.27673 4.33579
4.27912 4.33739
4.2815 4.33897
4.28386 4.34053
4.28621 4.34208
4.28854 4.34361
4.29086 4.34512
4.29317 4.34661
4.29546 4.34809
4.29774 4.34955
4.3 4.351
4.30225 4.35243
4.30449 4.35384
4.30671 4.35524
4.30892 4.35662
4.31111 4.35798
4.31329 4.35933
4.31546 4.36067
4.31761 4.36199
4.31975 4.36329
4.32188 4.36458
4.32399 4.36586
4.32609 4.36712
4.32818 4.36837
4.33026 4.3696
4.33232 4.37082
4.33437 4.37202
4.3364 4.37321
4.33843 4.37439
4.34044 4.37555
4.34243 4.3767
4.34442 4.37783
4.34639 4.37895
4.34835 4.38006
4.3503 4.38116
4.35224 4.38224
4.35416 4.38331
4.35608 4.38437
4.35798 4.38541
4.35986 4.38645
4.36174 4.38747
4.3636 4.38847
4.36546 4.38947
4.3673 4.39045
4.36913 4.39142
4.37095 4.39238
4.37275 4.39333
4.37455 4.39427
4.37633 4.39519
4.3781 4.39611
4.37986 4.39701
4.38161 4.3979
4.38335 4.39878
4.38508 4.39965
4.3868 4.4005
4.3885 4.40135
4.3902 4.40219
4.39188 4.40301
4.39356 4.40383
4.39522 4.40463
4.39687 4.40542
4.39851 4.40621
4.40014 4.40698
4.40176 4.40774
4.40337 4.40849
4.40497 4.40924
4.40656 4.40997
4.40814 4.41069
4.40971 4.4114
4.41127 4.41211
4.41282 4.4128
4.41436 4.41348
4.41589 4.41416
4.41741 4.41482
4.41892 4.41548
4.42042 4.41613
4.42191 4.41676
4.42339 4.41739
4.42486 4.41801
4.42632 4.41862
4.42777 4.41922
4.42921 4.41981
4.43064 4.42039
4.43207 4.42097
4.43348 4.42153
4.43489 4.42209
4.43628 4.42264
4.43767 4.42318
4.43905 4.42371
4.44041 4.42423
4.44177 4.42475
4.44312 4.42525
4.44447 4.42575
4.4458 4.42624
4.44712 4.42672
4.44844 4.4272
4.44975 4.42766
4.45104 4.42812
4.45233 4.42857
4.45361 4.42901
4.45489 4.42945
4.45615 4.42987
4.45741 4.43029
4.45865 4.4307
4.45989 4.43111
4.46112 4.4315
4.46234 4.43189
4.46356 4.43227
4.46476 4.43265
4.46596 4.43301
4.46715 4.43337
4.46833 4.43373
4.46951 4.43407
4.47067 4.43441
4.47183 4.43474
4.47298 4.43506
4.47413 4.43538
4.47526 4.43569
4.47639 4.43599
4.47751 4.43629
4.47862 4.43657
4.47972 4.43686
4.48082 4.43713
4.48191 4.4374
4.48299 4.43766
4.48407 4.43792
4.48513 4.43816
4.48619 4.43841
4.48725 4.43864
4.48829 4.43887
4.48933 4.43909
4.49036 4.43931
4.49139 4.43952
4.4924 4.43972
4.49341 4.43992
4.49442 4.44011
4.49541 4.44029
4.4964 4.44047
4.49738 4.44064
4.49836 4.44081
4.49933 4.44097
4.50029 4.44112
4.50124 4.44127
4.50219 4.44141
4.50313 4.44154
4.50407 4.44167
4.505 4.44179
4.50592 4.44191
4.50683 4.44202
4.50774 4.44213
4.50864 4.44223
4.50954 4.44232
4.51043 4.44241
4.51131 4.44249
4.51219 4.44257
4.51306 4.44264
4.51393 4.44271
4.51478 4.44277
4.51564 4.44282
4.51648 4.44287
4.51732 4.44291
4.51816 4.44295
4.51898 4.44298
4.51981 4.44301
4.52062 4.44303
4.52143 4.44305
4.52224 4.44306
4.52303 4.44306
4.52383 4.44306
4.52461 4.44306
4.52539 4.44305
4.52617 4.44303
4.52694 4.44301
