Path for ray(in pc) 1 1
Points calculated each 2000 days for 10000 years.
3.63847 0.862162
3.71239 0.877099
3.79834 0.898179
3.89955 0.927896
4.02041 0.97011
4.16703 1.03104
4.34787 1.12115
4.57462 1.25904
4.86229 1.47976
5.22445 1.85374
5.64365 2.52889
5.92716 3.79392
5.21505 5.84222
2.34179 6.99756
-0.0936011 5.32361
-0.446973 3.39549
-0.0908172 2.27832
0.322466 1.67515
0.666185 1.33037
0.936152 1.11849
1.14766 0.979506
1.31529 0.883205
1.45007 0.813357
1.55995 0.76072
1.65065 0.719755
1.72632 0.686995
1.79001 0.660181
1.84401 0.6378
1.89004 0.618802
1.92944 0.602449
1.96326 0.588205
1.99232 0.575682
2.01728 0.564589
2.03866 0.554713
2.0569 0.545894
2.07235 0.538014
2.08531 0.530989
2.09603 0.524759
2.10471 0.519283
2.11155 0.514538
2.1167 0.510511
2.1203 0.507201
2.12249 0.504612
2.12338 0.502756
2.12308 0.501646
2.12169 0.5013
2.11933 0.501735
2.11607 0.502968
2.11202 0.505016
2.10727 0.507892
2.10191 0.511608
2.09602 0.516172
2.08968 0.521587
2.08299 0.527854
2.07602 0.534968
2.06885 0.542919
2.06155 0.551695
2.0542 0.561277
2.04686 0.571645
2.0396 0.582774
2.03248 0.594634
2.02555 0.607196
2.01886 0.620427
2.01245 0.634292
2.00637 0.648758
2.00066 0.663789
1.99534 0.679353
1.99045 0.695416
1.986 0.711949
1.98201 0.728926
1.97851 0.746323
1.9755 0.764126
1.973 0.782322
1.97101 0.800908
1.96954 0.819892
1.96857 0.83929
1.96813 0.859133
1.96818 0.87947
1.96872 0.900366
1.96971 0.921912
1.97112 0.944227
1.97286 0.967465
1.97483 0.991818
1.97685 1.01752
1.97866 1.04485
1.97984 1.07412
1.9798 1.10563
1.97768 1.13961
1.97227 1.17607
1.96206 1.21454
1.94535 1.25378
1.92077 1.29143
1.88805 1.32406
1.84888 1.34791
1.80713 1.36034
1.76772 1.3612
1.73476 1.35294
1.71021 1.33942
1.69393 1.32427
1.68447 1.31005
1.68 1.29812
1.67885 1.28893
1.67973 1.28241
1.68173 1.27828
1.68421 1.27612
1.68677 1.27557
1.68918 1.27628
1.69127 1.27795
1.69297 1.28034
1.69423 1.28326
1.69503 1.28654
1.69539 1.29006
1.69529 1.2937
1.69477 1.29739
1.69384 1.30104
1.69252 1.30462
1.69083 1.30805
1.6888 1.31132
1.68643 1.31438
1.68376 1.3172
1.6808 1.31977
1.67758 1.32206
1.6741 1.32406
1.67039 1.32575
1.66647 1.32712
1.66234 1.32816
1.65804 1.32886
1.65357 1.32922
1.64894 1.32922
1.64419 1.32887
1.63931 1.32816
1.63433 1.32707
1.62925 1.32562
1.6241 1.32378
1.61889 1.32158
1.61363 1.31898
1.60834 1.316
1.60303 1.31264
1.59771 1.30887
1.5924 1.30472
1.58712 1.30015
1.58187 1.29518
1.57668 1.2898
1.57156 1.284
1.56653 1.27777
1.5616 1.27111
1.55679 1.264
1.55213 1.25644
1.54763 1.24842
1.54332 1.23992
1.53922 1.23094
1.53536 1.22145
1.53177 1.21145
1.52848 1.20091
1.52553 1.18983
1.52296 1.17818
1.52082 1.16595
1.51916 1.15313
1.51804 1.13969
1.51751 1.12562
1.51766 1.11092
1.51857 1.09556
1.52031 1.07955
1.523 1.06289
1.52674 1.04558
1.53166 1.02765
1.53789 1.00913
1.54557 0.990071
1.55487 0.970543
1.56594 0.950642
1.57896 0.930492
1.59411 0.910256
1.61156 0.890133
1.63147 0.87037
1.654 0.851264
1.67924 0.833161
1.70729 0.816463
1.73813 0.801618
1.7717 0.789113
1.80783 0.779464
1.84625 0.773187
1.88654 0.770778
1.92821 0.772679
1.97059 0.779238
2.01297 0.79068
2.05454 0.807079
2.09449 0.828329
2.13201 0.854152
2.16639 0.884097
2.19703 0.91757
2.22345 0.953871
2.24538 0.992238
2.26268 1.0319
2.27541 1.0721
2.28374 1.11216
2.28795 1.15149
2.28841 1.18959
2.28553 1.22608
2.27975 1.26067
2.2715 1.29318
2.2612 1.32349
2.24922 1.35157
2.23592 1.37742
2.2216 1.40111
2.20654 1.42272
2.19097 1.44236
2.17507 1.46013
2.15901 1.47616
2.14292 1.49058
2.12692 1.50351
2.11109 1.51506
2.09549 1.52535
2.08018 1.53448
2.06519 1.54255
2.05057 1.54966
2.03633 1.55588
2.02248 1.56129
2.00903 1.56596
1.99599 1.56996
1.98336 1.57334
1.97113 1.57615
1.95931 1.57845
1.94788 1.58027
1.93685 1.58165
1.9262 1.58263
1.91592 1.58324
1.90602 1.58351
1.89647 1.58347
1.88728 1.58314
1.87843 1.58253
1.86993 1.58168
1.86175 1.5806
1.8539 1.5793
1.84637 1.5778
1.83916 1.57612
1.83225 1.57427
1.82564 1.57226
1.81934 1.5701
1.81333 1.56781
1.80762 1.56539
1.80219 1.56285
1.79705 1.5602
1.7922 1.55745
1.78763 1.55461
1.78334 1.55169
1.77933 1.5487
1.7756 1.54563
1.77214 1.54251
1.76897 1.53933
1.76608 1.53611
1.76347 1.53285
1.76114 1.52955
1.75908 1.52624
1.75732 1.5229
1.75583 1.51956
1.75464 1.51621
1.75373 1.51286
1.75311 1.50953
1.75279 1.50622
1.75276 1.50293
1.75303 1.49967
1.7536 1.49646
1.75447 1.4933
1.75566 1.49019
1.75716 1.48715
1.75897 1.48419
1.7611 1.48131
1.76356 1.47852
1.76635 1.47583
1.76948 1.47326
1.77294 1.4708
1.77675 1.46848
1.78091 1.4663
1.78542 1.46428
1.7903 1.46241
1.79555 1.46073
1.80118 1.45923
1.80718 1.45794
1.81358 1.45686
1.82038 1.45601
1.82758 1.4554
1.83519 1.45505
1.84323 1.45498
1.8517 1.45519
1.86061 1.45572
1.86997 1.45658
1.8798 1.45778
1.89009 1.45935
1.90087 1.46131
1.91214 1.46368
1.92392 1.4665
1.93622 1.46978
1.94904 1.47355
1.96241 1.47785
1.97633 1.4827
1.99082 1.48815
2.00588 1.49422
2.02155 1.50096
2.03781 1.50841
2.0547 1.51663
2.07222 1.52565
2.09037 1.53553
2.10918 1.54633
2.12864 1.55812
2.14877 1.57097
2.16958 1.58494
2.19105 1.60013
2.21319 1.61661
2.23599 1.6345
2.25945 1.65388
2.28353 1.67488
2.30822 1.69762
2.33347 1.72223
2.35923 1.74886
2.38545 1.77766
2.41203 1.8088
2.43887 1.84246
2.46585 1.87884
2.49279 1.91813
2.51952 1.96054
2.54578 2.00629
2.5713 2.0556
2.59573 2.1087
2.61866 2.16578
2.63962 2.22703
2.65805 2.2926
2.67329 2.3626
2.6846 2.43704
2.69115 2.51586
2.69201 2.59884
2.68618 2.68559
2.67261 2.77553
2.65021 2.86782
2.61798 2.96131
2.57498 3.05458
2.52053 3.14585
2.45423 3.23308
2.3761 3.31398
2.2867 3.38611
2.18715 3.44707
2.07921 3.49462
1.96517 3.52692
1.84782 3.54264
1.73019 3.54115
1.61542 3.52259
1.50648 3.48778
1.40599 3.43823
1.31605 3.37593
1.23815 3.30318
1.17317 3.22239
1.12138 3.13595
1.08253 3.04605
1.05598 2.95459
1.04076 2.86318
1.03567 2.77303
1.03942 2.68505
1.05061 2.59977
1.06787 2.51745
1.08981 2.43805
1.11511 2.36126
1.14251 2.28655
1.17084 2.21312
1.199 2.13999
1.22603 2.06591
1.2511 1.98945
1.27355 1.90898
1.29291 1.82271
1.30891 1.72871
1.32153 1.625
1.33091 1.50957
1.33739 1.38052
1.34139 1.23608
1.34332 1.07472
1.34345 0.895152
1.34177 0.696391
1.33781 0.477749
1.33056 0.238832
1.3183 -0.0204542
1.29852 -0.299882
1.26791 -0.598825
1.2223 -0.916134
1.15678 -1.24994
1.06581 -1.5974
0.943491 -1.95437
0.783995 -2.31518
0.582106 -2.67231
0.33398 -3.01643
0.0379768 -3.33656
-0.304525 -3.62071
-0.688526 -3.85689
-1.10525 -4.03441
-1.54256 -4.14528
-1.98606 -4.18541
-2.42062 -4.15523
-2.83205 -4.05961
-3.20859 -3.90709
-3.54181 -3.70863
-3.82695 -3.47616
-4.06268 -3.22138
-4.25042 -2.95478
-4.39361 -2.68513
-4.49687 -2.41931
-4.56539 -2.16233
-4.60442 -1.9176
-4.61892 -1.68721
-4.6134 -1.4722
-4.59185 -1.27288
-4.55765 -1.08898
-4.51367 -0.919926
-4.46228 -0.764883
-4.40543 -0.622917
-4.34469 -0.493041
-4.28134 -0.374267
-4.21639 -0.265637
-4.15063 -0.166246
-4.0847 -0.075247
-4.01908 0.008141
-3.95414 0.0846319
-3.89017 0.154875
-3.82738 0.21946
-3.76592 0.278916
-3.70589 0.333722
-3.64737 0.384308
-3.5904 0.431059
-3.535 0.474324
-3.48116 0.514412
-3.42888 0.551603
-3.37813 0.586149
-3.32888 0.618273
-3.2811 0.648179
-3.23474 0.676049
-3.18976 0.702047
-3.14613 0.726318
-3.10378 0.748998
-3.06268 0.770204
-3.02277 0.790044
-2.98403 0.808616
-2.94639 0.826006
-2.90982 0.842294
-2.87428 0.85755
-2.83973 0.871839
-2.80612 0.885216
-2.77343 0.897734
-2.74162 0.909439
-2.71066 0.920372
-2.68051 0.930569
-2.65115 0.940062
-2.62256 0.948881
-2.5947 0.95705
-2.56757 0.964592
-2.54114 0.971526
-2.5154 0.977868
-2.49034 0.983633
-2.46594 0.988833
-2.44222 0.993481
-2.41915 0.997586
-2.39676 1.00116
-2.37504 1.00421
-2.35402 1.00675
-2.3337 1.00879
-2.31412 1.01035
-2.2953 1.01146
-2.27727 1.01213
-2.26008 1.0124
-2.24376 1.01232
-2.22835 1.01193
-2.2139 1.01131
-2.20044 1.01054
-2.18802 1.00971
-2.17663 1.00892
-2.16631 1.00832
-2.15702 1.00802
-2.14875 1.00817
-2.14141 1.00891
-2.13491 1.01039
-2.12915 1.01273
-2.12395 1.01603
-2.11916 1.02038
-2.11459 1.02581
-2.11004 1.03234
-2.10533 1.03993
-2.1003 1.04851
-2.09479 1.058
-2.08868 1.06828
-2.08188 1.07921
-2.07434 1.09068
-2.06602 1.10255
-2.05692 1.1147
-2.04705 1.12703
-2.03645 1.13944
-2.02517 1.15186
-2.01325 1.16424
-2.00076 1.17655
-1.98774 1.18875
-1.97425 1.20084
-1.96034 1.21283
-1.94606 1.22472
-1.93144 1.23656
-1.91654 1.24836
-1.90138 1.26017
-1.88599 1.27203
-1.8704 1.28401
-1.85464 1.29615
-1.83873 1.30853
-1.8227 1.32121
-1.80657 1.33429
-1.79039 1.34784
-1.77418 1.36195
-1.758 1.37674
-1.74191 1.39232
-1.72598 1.40881
-1.71032 1.42634
-1.69506 1.44504
-1.68034 1.46507
-1.6664 1.48657
-1.65347 1.50966
-1.6419 1.53448
-1.63207 1.56109
-1.62448 1.5895
-1.61968 1.61965
-1.61832 1.65129
-1.62107 1.68402
-1.62862 1.71718
-1.64155 1.74983
-1.66023 1.78074
-1.6847 1.80846
-1.7145 1.83139
-1.74863 1.84803
-1.78553 1.85715
-1.82325 1.85812
-1.85969 1.85096
-1.8929 1.8364
-1.92132 1.81572
-1.94398 1.79051
-1.96047 1.76245
-1.97089 1.73308
-1.97571 1.70366
-1.97559 1.67514
-1.97129 1.64819
-1.96357 1.6232
-1.95311 1.60034
-1.94051 1.57968
-1.92627 1.56116
-1.9108 1.54466
-1.89443 1.53004
-1.87739 1.51713
-1.85989 1.50578
-1.84205 1.49582
-1.82399 1.4871
-1.80577 1.47949
-1.78743 1.47287
-1.76899 1.46713
-1.75048 1.46216
-1.73187 1.4579
-1.71316 1.45425
-1.69432 1.45116
-1.67531 1.44857
-1.6561 1.44643
-1.63663 1.44471
-1.61686 1.44337
-1.59672 1.44238
-1.57613 1.44173
-1.55502 1.4414
-1.53329 1.44139
-1.51085 1.44169
-1.48757 1.44232
-1.46331 1.44329
-1.43791 1.44463
-1.41118 1.44637
-1.38291 1.44857
-1.35283 1.45131
-1.32061 1.45468
-1.28587 1.4588
-1.24813 1.46387
-1.20678 1.47011
-1.16106 1.47784
-1.10999 1.48752
-1.05228 1.49978
-0.986212 1.51554
-0.909444 1.5362
-0.818699 1.5639
-0.709274 1.60211
-0.57423 1.65671
-0.403022 1.73838
-0.179293 1.86792
0.121874 2.09013
0.530962 2.51299
1.01865 3.42558
0.935901 5.47511
-2.25501 7.26616
-4.74314 4.75562
-4.39336 2.86728
-3.78132 2.10106
-3.32715 1.76213
-3.00497 1.58972
-2.76941 1.49121
-2.59046 1.42942
-2.4497 1.3875
-2.33563 1.35706
-2.2408 1.33358
-2.16023 1.31445
-2.09048 1.29809
-2.02909 1.28348
-1.97428 1.26997
-1.92471 1.25709
-1.87937 1.24452
-1.83748 1.23201
-1.7984 1.21938
-1.76166 1.20647
-1.72684 1.19315
-1.69363 1.17932
-1.66174 1.16487
-1.63096 1.14971
-1.60109 1.13376
-1.57198 1.11691
-1.54349 1.09908
-1.5155 1.08017
-1.48791 1.06009
-1.46065 1.03871
-1.43364 1.01594
-1.40683 0.991632
-1.38017 0.965665
-1.35365 0.937888
-1.32724 0.908138
-1.30095 0.876239
-1.2748 0.841995
-1.24882 0.805195
-1.22309 0.765605
-1.19769 0.722969
-1.17275 0.67701
-1.14844 0.627425
-1.12497 0.573889
-1.10263 0.516054
-1.08176 0.453552
-1.0628 0.386003
-1.04628 0.313019
-1.03286 0.234223
-1.02334 0.149266
-1.01869 0.0578565
-1.02003 -0.0402028
-1.0287 -0.144962
-1.04621 -0.256261
-1.07427 -0.373652
-1.11472 -0.496307
-1.16946 -0.622926
-1.24037 -0.751646
-1.32907 -0.879979
-1.4368 -1.0048
-1.56409 -1.12241
-1.71056 -1.22872
-1.87472 -1.3195
-2.05387 -1.39078
-2.24414 -1.4393
-2.4408 -1.46287
-2.6386 -1.46066
-2.83228 -1.4333
-3.01708 -1.38282
-3.1891 -1.31226
-3.34559 -1.2254
-3.48493 -1.12625
-3.6066 -1.01872
-3.71097 -0.906356
-3.79905 -0.792178
-3.87228 -0.6786
-3.93232 -0.567452
-3.9809 -0.46004
-4.01967 -0.357221
-4.05019 -0.259495
-4.07385 -0.167087
-4.09186 -0.0800205
-4.10527 0.00182239
-4.11498 0.0786533
-4.1217 0.150741
-4.12607 0.218384
-4.12858 0.281893
-4.12964 0.341575
-4.12959 0.397727
-4.1287 0.450628
-4.12718 0.50054
-4.12521 0.547702
-4.12292 0.592334
-4.12044 0.634635
-4.11785 0.674784
-4.11522 0.712945
-4.11261 0.749263
-4.11008 0.783871
-4.10765 0.816885
-4.10537 0.848414
-4.10324 0.878552
-4.10131 0.907388
-4.09958 0.934999
-4.09808 0.961457
-4.09681 0.986828
-4.09578 1.01117
-4.09502 1.03454
-4.09451 1.05698
-4.09428 1.07854
-4.09433 1.09927
-4.09467 1.1192
-4.09529 1.13838
-4.09621 1.15682
-4.09744 1.17457
-4.09896 1.19165
-4.10079 1.2081
-4.10293 1.22393
-4.10538 1.23918
-4.10814 1.25386
-4.11122 1.26799
-4.1146 1.28161
-4.1183 1.29472
-4.1223 1.30734
-4.12661 1.31949
-4.13123 1.33119
-4.13614 1.34245
-4.14136 1.35329
-4.14687 1.36371
-4.15266 1.37374
-4.15874 1.38337
-4.1651 1.39264
-4.17172 1.40154
-4.17861 1.41008
-4.18575 1.41828
-4.19314 1.42615
-4.20077 1.43369
-4.20862 1.44091
-4.21669 1.44782
-4.22497 1.45442
-4.23344 1.46074
-4.2421 1.46676
-4.25094 1.47251
-4.25994 1.47798
-4.26909 1.48319
-4.27837 1.48813
-4.28778 1.49282
-4.29731 1.49726
-4.30694 1.50146
-4.31665 1.50542
-4.32643 1.50915
-4.33628 1.51266
-4.34618 1.51595
-4.35611 1.51903
-4.36606 1.52191
-4.37602 1.52458
-4.38598 1.52705
-4.39593 1.52934
-4.40585 1.53145
-4.41572 1.53337
-4.42555 1.53513
-4.43532 1.53672
-4.44501 1.53815
-4.45462 1.53942
-4.46413 1.54055
-4.47354 1.54153
-4.48284 1.54238
-4.49201 1.54309
-4.50106 1.54368
-4.50996 1.54414
-4.51872 1.54449
-4.52732 1.54473
-4.53577 1.54486
-4.54404 1.54489
-4.55214 1.54483
-4.56006 1.54467
-4.5678 1.54443
-4.57535 1.5441
-4.5827 1.5437
-4.58985 1.54322
-4.5968 1.54267
-4.60354 1.54206
-4.61007 1.54138
-4.61639 1.54065
-4.62249 1.53985
-4.62837 1.53901
-4.63403 1.53812
-4.63947 1.53717
-4.64468 1.53619
-4.64966 1.53516
-4.65441 1.53409
-4.65893 1.53298
-4.66322 1.53183
-4.66727 1.53065
-4.67109 1.52944
-4.67467 1.52819
-4.67801 1.5269
-4.68112 1.52559
-4.68398 1.52424
-4.6866 1.52286
-4.68898 1.52145
-4.69112 1.52001
-4.69301 1.51853
-4.69465 1.51702
-4.69605 1.51547
-4.6972 1.51388
-4.6981 1.51225
-4.69876 1.51058
-4.69916 1.50887
-4.69931 1.5071
-4.69921 1.50529
-4.69886 1.50342
-4.69826 1.5015
-4.6974 1.49951
-4.69629 1.49745
-4.69492 1.49532
-4.6933 1.49312
-4.69143 1.49083
-4.6893 1.48846
-4.68692 1.48599
-4.68429 1.48342
-4.68141 1.48074
-4.67828 1.47795
-4.6749 1.47504
-4.67128 1.472
-4.66742 1.46882
-4.66332 1.46549
-4.65899 1.46202
-4.65442 1.45838
-4.64964 1.45457
-4.64463 1.45059
-4.63942 1.44642
-4.634 1.44206
-4.62838 1.4375
-4.62257 1.43273
-4.61659 1.42775
-4.61044 1.42254
-4.60413 1.41711
-4.59768 1.41145
-4.5911 1.40554
-4.58439 1.3994
-4.57758 1.39301
-4.57068 1.38637
-4.5637 1.37949
-4.55666 1.37236
-4.54957 1.36498
-4.54245 1.35736
-4.53532 1.3495
-4.52819 1.3414
-4.52109 1.33308
-4.51401 1.32454
-4.50699 1.31579
-4.50003 1.30684
-4.49316 1.29771
-4.48637 1.28841
-4.4797 1.27896
-4.47315 1.26937
-4.46674 1.25966
-4.46047 1.24985
-4.45435 1.23997
-4.4484 1.23004
-4.44261 1.22008
-4.43701 1.21011
-4.43158 1.20016
-4.42634 1.19026
-4.42129 1.18043
-4.41642 1.17071
-4.41174 1.16111
-4.40725 1.15168
-4.40294 1.14243
-4.39882 1.1334
-4.39487 1.12463
-4.3911 1.11613
-4.38749 1.10795
-4.38405 1.10011
-4.38077 1.09264
-4.37764 1.08558
-4.37465 1.07897
-4.37182 1.07283
-4.36912 1.0672
-4.36656 1.06211
-4.36415 1.05761
-4.36187 1.05373
-4.35973 1.05051
-4.35775 1.04799
-4.35593 1.04621
-4.35428 1.04522
-4.35282 1.04505
-4.35158 1.04577
-4.35058 1.0474
-4.34987 1.05001
-4.34948 1.05364
-4.34947 1.05835
-4.3499 1.06418
-4.35085 1.07118
-4.3524 1.0794
-4.35466 1.08889
-4.35774 1.09968
-4.36177 1.1118
-4.36691 1.12528
-4.37333 1.14012
-4.38121 1.15632
-4.39076 1.17382
-4.40221 1.19258
-4.41581 1.21249
-4.4318 1.23341
-4.45044 1.25514
-4.47198 1.27745
-4.49668 1.30003
-4.52474 1.3225
-4.55633 1.34444
-4.59156 1.36534
-4.63046 1.38466
-4.67296 1.4018
-4.71887 1.41618
-4.76789 1.42719
-4.81959 1.43428
-4.8734 1.43698
-4.92868 1.43492
-4.98468 1.42785
-5.04064 1.41568
-5.09577 1.39849
-5.14933 1.37649
-5.20064 1.35006
-5.24913 1.31965
-5.29436 1.28584
-5.336 1.24922
-5.37386 1.21042
-5.40786 1.17003
-5.43805 1.12863
-5.46453 1.08673
-5.48751 1.04479
-5.5072 1.00319
-5.52389 0.962241
-5.53785 0.922195
-5.54936 0.883242
-5.55871 0.845521
-5.56617 0.809124
-5.57197 0.774108
-5.57636 0.740496
-5.57954 0.70829
-5.58169 0.677471
-5.583 0.648007
-5.5836 0.619854
-5.58363 0.592963
-5.5832 0.567279
-5.58241 0.542746
-5.58135 0.519305
-5.58008 0.496899
-5.57867 0.475471
-5.57718 0.454968
-5.57565 0.435337
-5.57411 0.416528
-5.57261 0.398495
-5.57116 0.381193
-5.56979 0.364581
-5.56851 0.348621
-5.56735 0.333277
-5.56631 0.318515
-5.56539 0.304303
-5.56462 0.290615
-5.56398 0.277422
-5.56349 0.264699
-5.56314 0.252425
-5.56293 0.240577
-5.56287 0.229136
-5.56294 0.218084
-5.56316 0.207402
-5.56351 0.197076
-5.56399 0.187089
-5.5646 0.177428
-5.56532 0.16808
-5.56616 0.159031
-5.56712 0.150271
-5.56818 0.141787
-5.56933 0.133569
-5.57059 0.125607
-5.57193 0.11789
-5.57335 0.110411
-5.57485 0.103158
-5.57642 0.0961252
-5.57806 0.0893024
-5.57977 0.0826823
-5.58153 0.076257
-5.58334 0.0700191
-5.5852 0.0639615
-5.58711 0.0580772
-5.58905 0.0523596
-5.59103 0.0468023
-5.59304 0.041399
-5.59509 0.0361438
-5.59716 0.031031
-5.59925 0.026055
-5.60136 0.0212107
-5.60349 0.0164928
-5.60563 0.0118965
-5.60779 0.00741721
-5.60995 0.00305036
-5.61213 -0.0012083
-5.61431 -0.00536286
-5.61649 -0.00941724
-5.61868 -0.0133752
-5.62087 -0.0172402
-5.62306 -0.0210158
-5.62526 -0.0247051
-5.62744 -0.0283113
-5.62963 -0.0318372
-5.63181 -0.0352858
-5.63399 -0.0386596
-5.63616 -0.0419611
-5.63833 -0.0451929
-5.64048 -0.0483572
-5.64264 -0.0514562
-5.64478 -0.0544918
-5.64691 -0.0574662
-5.64904 -0.0603811
-5.65116 -0.0632382
-5.65327 -0.0660394
-5.65537 -0.068786
-5.65746 -0.0714796
-5.65954 -0.0741215
-5.66161 -0.0767132
-5.66367 -0.0792557
-5.66572 -0.0817502
-5.66777 -0.0841978
-5.6698 -0.0865994
-5.67183 -0.088956
-5.67385 -0.0912684
-5.67586 -0.0935374
-5.67787 -0.0957636
-5.67986 -0.0979476
-5.68186 -0.10009
-5.68384 -0.102191
-5.68582 -0.104252
-5.6878 -0.106272
-5.68978 -0.108252
-5.69175 -0.110192
-5.69372 -0.112092
-5.69568 -0.113953
-5.69765 -0.115774
-5.69962 -0.117555
-5.70159 -0.119296
-5.70357 -0.120998
-5.70555 -0.122659
-5.70753 -0.124279
-5.70952 -0.125859
-5.71151 -0.127398
-5.71352 -0.128894
-5.71553 -0.130349
-5.71756 -0.131761
-5.7196 -0.13313
-5.72165 -0.134454
-5.72371 -0.135734
-5.72579 -0.136969
-5.72789 -0.138157
-5.73001 -0.139299
-5.73215 -0.140393
-5.7343 -0.141437
-5.73648 -0.142433
-5.73869 -0.143377
-5.74092 -0.14427
-5.74317 -0.14511
-5.74546 -0.145897
-5.74778 -0.146629
-5.75012 -0.147305
-5.7525 -0.147924
-5.75491 -0.148485
-5.75736 -0.148987
-5.75985 -0.149428
-5.76237 -0.149808
-5.76494 -0.150125
-5.76755 -0.150379
-5.7702 -0.150567
-5.7729 -0.15069
-5.77564 -0.150745
-5.77843 -0.150732
-5.78127 -0.150649
-5.78417 -0.150496
-5.78711 -0.150272
-5.79012 -0.149975
-5.79318 -0.149604
-5.79629 -0.149159
-5.79947 -0.148639
-5.80271 -0.148043
-5.80602 -0.147371
-5.80939 -0.146621
-5.81283 -0.145793
-5.81634 -0.144887
-5.81993 -0.143902
-5.82358 -0.142838
-5.82731 -0.141694
-5.83113 -0.140472
-5.83502 -0.13917
-5.83899 -0.13779
-5.84305 -0.136331
-5.84719 -0.134794
-5.85143 -0.133181
-5.85575 -0.13149
-5.86017 -0.129725
-5.86469 -0.127886
-5.8693 -0.125975
-5.87401 -0.123993
-5.87883 -0.121943
-5.88375 -0.119827
-5.88878 -0.117647
-5.89391 -0.115407
-5.89916 -0.113108
-5.90452 -0.110755
-5.90999 -0.108352
-5.91558 -0.105901
-5.92128 -0.103408
-5.92711 -0.100876
-5.93305 -0.0983111
-5.93912 -0.0957176
-5.94531 -0.0931009
-5.95161 -0.0904666
-5.95805 -0.0878204
-5.9646 -0.0851684
-5.97127 -0.0825168
-5.97807 -0.0798719
-5.98498 -0.0772403
-5.99202 -0.0746287
-5.99917 -0.0720438
-6.00644 -0.0694926
-6.01382 -0.066982
-6.02131 -0.064519
-6.02891 -0.0621104
-6.03661 -0.0597633
-6.04441 -0.0574846
-6.05232 -0.0552811
-6.06031 -0.0531595
-6.06839 -0.0511267
-6.07656 -0.0491891
-6.08481 -0.0473533
-6.09314 -0.0456258
-6.10154 -0.0440128
-6.11 -0.0425206
-6.11853 -0.0411554
-6.12711 -0.0399233
-6.13575 -0.0388306
-6.14444 -0.0378833
-6.15316 -0.0370876
-6.16193 -0.0364496
-6.17073 -0.0359757
-6.17956 -0.0356722
-6.18841 -0.0355456
-6.19728 -0.0356025
-6.20617 -0.0358496
-6.21507 -0.036294
-6.22397 -0.0369428
-6.23287 -0.0378033
-6.24177 -0.038883
-6.25065 -0.0401897
-6.25952 -0.0417315
-6.26837 -0.0435163
-6.27719 -0.0455528
-6.28598 -0.0478493
-6.29473 -0.0504148
-6.30343 -0.0532582
-6.31208 -0.0563886
-6.32067 -0.0598153
-6.3292 -0.0635479
-6.33765 -0.0675959
-6.34602 -0.071969
-6.3543 -0.0766773
-6.36248 -0.0817306
-6.37056 -0.0871393
-6.37853 -0.0929135
-6.38637 -0.0990637
-6.39408 -0.1056
-6.40165 -0.112535
-6.40907 -0.119877
-6.41634 -0.12764
-6.42343 -0.135834
-6.43036 -0.14447
-6.4371 -0.153563
-6.44365 -0.163123
-6.45 -0.173165
-6.45615 -0.183702
-6.46208 -0.194749
-6.46779 -0.206322
-6.47328 -0.218437
-6.47854 -0.231112
-6.48357 -0.244365
-6.48836 -0.258217
-6.49291 -0.272691
-6.49723 -0.287808
-6.50132 -0.303596
-6.50517 -0.320083
-6.5088 -0.337298
-6.51222 -0.355276
-6.51545 -0.374051
-6.51849 -0.393664
-6.52137 -0.414157
-6.52412 -0.435577
-6.52676 -0.457973
-6.52935 -0.481399
-6.53194 -0.505912
-6.53457 -0.531575
-6.53732 -0.558451
-6.54028 -0.586608
-6.54355 -0.616115
-6.54724 -0.647042
-6.55149 -0.679456
-6.55646 -0.713421
-6.56235 -0.748995
-6.56935 -0.78622
-6.57773 -0.825124
-6.58776 -0.865707
-6.59975 -0.907935
-6.61404 -0.951731
-6.631 -0.996959
-6.65102 -1.04341
-6.6745 -1.09081
-6.70183 -1.13876
-6.73338 -1.18677
-6.76943 -1.23425
-6.81019 -1.28048
-6.85574 -1.32469
-6.90598 -1.36599
-6.96064 -1.4035
-7.01922 -1.43638
-7.08101 -1.46386
-7.14512 -1.48533
-7.21053 -1.50039
-7.27613 -1.50889
-7.34078 -1.51095
-7.40346 -1.50692
-7.46324 -1.49739
-7.5194 -1.48311
-7.57141 -1.46493
-7.61897 -1.44373
-7.66199 -1.42039
-7.70053 -1.39572
-7.73481 -1.37044
-7.76514 -1.34518
-7.79191 -1.32041
-7.81554 -1.29654
-7.83648 -1.27384
-7.85516 -1.25249
-7.87199 -1.23261
-7.88737 -1.21423
-7.90164 -1.19733
-7.91512 -1.18182
-7.92806 -1.16759
-7.94069 -1.15452
-7.95315 -1.14243
-7.96557 -1.13117
-7.97799 -1.12059
-7.99043 -1.11054
-8.00286 -1.10092
-8.01522 -1.09166
-8.02746 -1.08273
-8.0395 -1.07413
-8.05129 -1.0659
-8.06278 -1.0581
-8.07395 -1.05082
-8.0848 -1.04414
-8.09535 -1.03815
-8.10562 -1.03292
-8.11565 -1.02854
-8.12548 -1.02506
-8.13515 -1.02254
-8.14469 -1.02102
-8.15412 -1.02055
-8.16346 -1.02115
-8.17272 -1.02285
-8.18188 -1.02569
-8.19092 -1.02967
-8.19981 -1.03482
-8.2085 -1.04114
-8.21692 -1.04866
-8.22502 -1.05737
-8.23269 -1.06727
-8.23985 -1.07834
-8.2464 -1.09057
-8.2522 -1.10392
-8.25715 -1.11833
-8.26113 -1.13373
-8.26401 -1.15005
-8.26566 -1.16718
-8.26598 -1.18498
-8.26487 -1.20333
-8.26224 -1.22206
-8.25801 -1.24099
-8.25216 -1.25994
-8.24465 -1.27872
-8.23551 -1.29712
-8.22476 -1.31495
-8.21247 -1.33204
-8.19873 -1.34819
-8.18366 -1.36326
-8.16739 -1.3771
-8.15007 -1.38962
-8.13187 -1.40073
-8.11294 -1.41037
-8.09346 -1.4185
-8.07358 -1.42513
-8.05347 -1.43028
-8.03327 -1.43397
-8.0131 -1.43627
-7.9931 -1.43724
-7.97334 -1.43697
-7.95394 -1.43554
-7.93494 -1.43305
-7.91641 -1.42958
-7.8984 -1.42523
-7.88092 -1.42011
-7.86401 -1.41428
-7.84767 -1.40785
-7.8319 -1.40089
-7.8167 -1.39348
-7.80206 -1.38569
-7.78796 -1.37758
-7.77438 -1.36922
-7.76132 -1.36065
-7.74874 -1.35193
-7.73662 -1.34311
-7.72494 -1.33421
-7.71367 -1.32529
-7.7028 -1.31637
-7.6923 -1.30747
-7.68216 -1.29864
-7.67234 -1.28989
-7.66284 -1.28124
-7.65363 -1.27271
-7.6447 -1.26432
-7.63603 -1.25609
-7.62762 -1.24802
-7.61945 -1.24013
-7.61151 -1.23244
-7.60378 -1.22495
-7.59628 -1.21768
-7.58898 -1.21063
-7.58189 -1.2038
-7.575 -1.19722
-7.56832 -1.19088
-7.56184 -1.1848
-7.55556 -1.17897
-7.54948 -1.17341
-7.54362 -1.16812
-7.53798 -1.16311
-7.53257 -1.15838
-7.52739 -1.15394
-7.52246 -1.14978
-7.51779 -1.14593
-7.5134 -1.14237
-7.5093 -1.13912
-7.50551 -1.13617
-7.50206 -1.13353
-7.49897 -1.1312
-7.49627 -1.12918
-7.49399 -1.12746
-7.49217 -1.12604
-7.49084 -1.12492
-7.49005 -1.12407
-7.48985 -1.12349
-7.49029 -1.12314
-7.49143 -1.123
-7.49333 -1.12303
-7.49606 -1.12315
-7.49967 -1.12332
-7.50424 -1.12343
-7.50981 -1.12337
-7.51643 -1.12302
-7.52413 -1.12222
-7.53292 -1.1208
-7.54275 -1.11856
-7.55355 -1.11531
-7.5652 -1.11086
-7.57754 -1.10501
-7.59034 -1.09763
-7.60334 -1.08861
-7.61625 -1.07789
-7.6288 -1.06551
-7.64067 -1.05156
-7.65164 -1.03617
-7.66149 -1.01956
-7.67006 -1.00194
-7.67726 -0.983559
-7.68307 -0.96466
-7.68748 -0.945464
-7.69056 -0.926167
-7.69237 -0.906934
-7.69301 -0.8879
-7.6926 -0.869165
-7.69122 -0.850805
-7.68898 -0.832869
-7.68597 -0.81539
-7.68228 -0.798384
-7.67797 -0.781854
-7.67312 -0.765799
-7.66777 -0.750207
-7.66197 -0.735067
-7.65576 -0.720362
-7.64917 -0.706076
-7.64222 -0.692191
-7.63493 -0.678692
-7.62731 -0.66556
-7.61938 -0.65278
-7.61115 -0.640338
-7.6026 -0.62822
-7.59376 -0.616413
-7.5846 -0.604906
-7.57513 -0.593688
-7.56534 -0.582751
-7.55521 -0.572086
-7.54474 -0.561689
-7.53391 -0.551555
-7.52268 -0.541681
-7.51105 -0.532067
-7.49899 -0.522714
-7.48645 -0.513627
-7.47341 -0.504815
-7.45981 -0.496287
-7.44562 -0.488061
-7.43077 -0.480157
-7.41519 -0.472603
-7.39881 -0.465432
-7.38154 -0.45869
-7.36326 -0.452433
-7.34387 -0.44673
-7.32321 -0.441669
-7.30111 -0.437362
-7.27738 -0.433948
-7.25176 -0.431606
-7.22397 -0.430564
-7.19367 -0.431115
-7.16043 -0.433643
-7.12376 -0.438653
-7.08303 -0.446821
-7.03751 -0.459061
-6.9863 -0.476635
-6.92833 -0.501308
-6.86236 -0.535606
-6.78701 -0.583206
-6.70101 -0.649564
-6.60367 -0.742916
-6.4963 -0.87578
-6.38548 -1.06693
-6.29064 -1.34268
-6.25935 -1.73189
-6.38804 -2.23761
-6.80788 -2.76205
-7.53992 -3.05323
-8.32694 -2.9097
-8.86071 -2.45636
-9.09318 -1.95442
-9.1357 -1.53933
-9.09067 -1.23038
-9.01455 -1.00711
-8.93297 -0.845508
-8.85623 -0.727005
-8.78781 -0.638713
-8.72831 -0.571936
-8.6772 -0.520797
-8.63358 -0.481274
-8.59647 -0.450562
-8.56496 -0.426666
-8.53825 -0.408137
-8.51562 -0.3939
-8.49647 -0.383138
-8.48027 -0.375224
-8.46655 -0.36966
-8.45493 -0.366052
-8.44505 -0.364077
-8.43659 -0.363472
-8.4293 -0.364018
-8.42291 -0.365536
-8.41721 -0.367876
-8.41201 -0.370915
-8.40712 -0.374554
-8.40239 -0.378714
-8.39769 -0.383334
-8.39287 -0.388368
-8.38785 -0.393788
-8.38252 -0.399573
-8.37681 -0.405719
-8.37065 -0.412227
-8.36399 -0.41911
-8.35678 -0.426389
-8.34898 -0.43409
-8.34058 -0.442249
-8.33156 -0.450907
-8.32191 -0.460113
-8.31162 -0.469922
-8.3007 -0.480398
-8.28916 -0.491614
-8.27702 -0.503652
-8.2643 -0.516605
-8.25104 -0.53058
-8.23728 -0.545698
-8.22308 -0.562095
-8.20853 -0.579927
-8.19373 -0.599367
-8.17881 -0.620611
-8.16395 -0.643875
-8.14938 -0.669395
-8.13539 -0.69742
-8.12238 -0.728208
-8.11082 -0.762004
-8.10136 -0.79902
-8.09476 -0.839392
-8.09197 -0.883121
-8.09411 -0.93
-8.10245 -0.979504
-8.11832 -1.03068
-8.14296 -1.08204
-8.17733 -1.13151
-8.22177 -1.17643
-8.27572 -1.21384
-8.33748 -1.24079
-8.40422 -1.25493
-8.47227 -1.25504
-8.53769 -1.24127
-8.59692 -1.21521
-8.64732 -1.17948
-8.68747 -1.13719
-8.71707 -1.0914
-8.73672 -1.04476
-8.74758 -0.999288
-8.75108 -0.956375
-8.74865 -0.916852
-8.74163 -0.88112
-8.73117 -0.849277
-8.71822 -0.821219
-8.70355 -0.796727
-8.68776 -0.775521
-8.67131 -0.757298
-8.65455 -0.741758
-8.63773 -0.728619
-8.62106 -0.717619
-8.60467 -0.708521
-8.58866 -0.701118
-8.5731 -0.695223
-8.55804 -0.690674
-8.54351 -0.687329
-8.52953 -0.685065
-8.51611 -0.683772
-8.50325 -0.683355
-8.49096 -0.683731
-8.47922 -0.684826
-8.46804 -0.686576
-8.45739 -0.688923
-8.44728 -0.691815
-8.4377 -0.695206
-8.42864 -0.699053
-8.42007 -0.703318
-8.41201 -0.707964
-8.40443 -0.71296
-8.39733 -0.718272
-8.3907 -0.723873
-8.38452 -0.729733
-8.37879 -0.735826
-8.3735 -0.742124
-8.36864 -0.748602
-8.36419 -0.755234
-8.36016 -0.761996
-8.35653 -0.768862
-8.35328 -0.775809
-8.35041 -0.782813
-8.3479 -0.789848
-8.34575 -0.796893
-8.34394 -0.803923
-8.34246 -0.810916
-8.34129 -0.817849
-8.34043 -0.8247
-8.33985 -0.831449
-8.33955 -0.838075
-8.3395 -0.844557
-8.3397 -0.850878
-8.34012 -0.857021
-8.34075 -0.862967
-8.34158 -0.868703
-8.34259 -0.874214
-8.34377 -0.879488
-8.34509 -0.884514
-8.34655 -0.889282
-8.34813 -0.893784
-8.34981 -0.898013
-8.35158 -0.901965
-8.35344 -0.905636
-8.35536 -0.909023
-8.35735 -0.912127
-8.35938 -0.914948
-8.36144 -0.917488
-8.36354 -0.919751
-8.36565 -0.921741
-8.36778 -0.923465
-8.36992 -0.924929
-8.37205 -0.926142
-8.37418 -0.927114
-8.3763 -0.927856
-8.3784 -0.928381
-8.38047 -0.928702
-8.38251 -0.928837
-8.38451 -0.928802
-8.38646 -0.92862
-8.38837 -0.928313
-8.39021 -0.927908
-8.39198 -0.927435
-8.39369 -0.926928
-8.39531 -0.926425
-8.39686 -0.925969
-8.39832 -0.925609
-8.3997 -0.925398
-8.401 -0.925397
-8.40222 -0.925671
-8.40339 -0.926294
-8.40451 -0.927344
-8.4056 -0.928907
-8.40668 -0.931076
-8.4078 -0.933951
-8.40897 -0.937636
-8.41025 -0.942242
-8.41167 -0.947886
-8.41329 -0.954687
-8.41517 -0.962768
-8.41736 -0.972254
-8.41993 -0.983268
-8.42296 -0.995931
-8.42652 -1.01036
-8.4307 -1.02666
-8.43561 -1.04494
-8.44134 -1.06527
-8.44801 -1.08772
-8.45575 -1.11235
-8.4647 -1.13915
-8.47502 -1.16813
-8.48688 -1.19924
-8.50046 -1.23239
-8.51596 -1.26745
-8.53359 -1.30425
-8.55355 -1.34256
-8.57605 -1.3821
-8.60128 -1.42254
-8.62941 -1.46347
-8.6606 -1.50446
-8.69492 -1.54502
-8.7324 -1.58461
-8.77302 -1.62267
-8.81664 -1.65863
-8.86305 -1.69193
-8.91193 -1.72202
-8.96288 -1.74843
-9.01539 -1.77073
-9.06891 -1.78861
-9.12281 -1.80186
-9.17644 -1.81039
-9.22914 -1.81425
-9.28028 -1.81359
-9.32927 -1.80869
-9.37559 -1.79994
-9.4188 -1.7878
-9.45857 -1.77278
-9.49466 -1.75544
-9.52693 -1.73636
-9.55534 -1.7161
-9.57994 -1.6952
-9.60085 -1.67417
-9.61826 -1.6535
-9.63241 -1.63358
-9.64357 -1.6148
-9.65208 -1.59746
-9.65826 -1.58182
-9.66248 -1.56809
-9.6651 -1.55641
-9.6665 -1.54689
-9.66706 -1.53959
-9.66714 -1.53452
-9.66712 -1.53162
-9.66737 -1.5308
-9.66822 -1.53192
-9.67001 -1.53479
-9.67304 -1.53915
-9.67757 -1.54471
-9.68382 -1.5511
-9.69194 -1.55795
-9.70201 -1.56482
-9.71405 -1.57125
-9.72797 -1.5768
-9.74359 -1.581
-9.76064 -1.58347
-9.77877 -1.58383
-9.79755 -1.58183
-9.8165 -1.57729
-9.83513 -1.57012
-9.85293 -1.56037
-9.86942 -1.54817
-9.88419 -1.53376
-9.89687 -1.51742
-9.9072 -1.49951
-9.91497 -1.48041
-9.92008 -1.46051
-9.9225 -1.4402
-9.92225 -1.41981
-9.91942 -1.39967
-9.91415 -1.38007
-9.9066 -1.36124
-9.89694 -1.34337
-9.88535 -1.32661
-9.87204 -1.31108
-9.85719 -1.29686
-9.84098 -1.284
-9.82357 -1.27254
-9.80512 -1.26249
-9.78577 -1.25383
-9.76565 -1.24655
-9.74488 -1.24064
-9.72356 -1.23605
-9.70179 -1.23275
-9.67964 -1.23071
-9.65719 -1.22988
-9.63451 -1.23022
-9.61164 -1.2317
-9.58864 -1.23428
-9.56555 -1.23793
-9.54242 -1.2426
-9.51927 -1.24827
-9.49614 -1.25492
-9.47306 -1.26251
-9.45005 -1.27102
-9.42714 -1.28043
-9.40435 -1.29072
-9.38169 -1.30188
-9.3592 -1.3139
-9.33688 -1.32676
-9.31475 -1.34045
-9.29284 -1.35498
-9.27116 -1.37033
-9.24972 -1.3865
-9.22855 -1.4035
-9.20766 -1.42132
-9.18707 -1.43998
-9.16679 -1.45948
-9.14685 -1.47982
-9.12726 -1.50102
-9.10804 -1.52309
-9.08921 -1.54603
-9.07079 -1.56988
-9.05279 -1.59464
-9.03525 -1.62033
-9.01817 -1.64696
-9.00158 -1.67457
-8.9855 -1.70317
-8.96996 -1.73278
-8.95496 -1.76343
-8.94055 -1.79514
-8.92673 -1.82793
-8.91353 -1.86183
-8.90097 -1.89686
-8.88908 -1.93305
-8.87787 -1.97042
-8.86738 -2.00899
-8.85762 -2.0488
-8.84863 -2.08985
-8.84041 -2.13217
-8.83299 -2.17578
-8.82641 -2.22069
-8.82068 -2.26692
-8.81583 -2.31447
-8.81188 -2.36336
-8.80886 -2.41359
-8.8068 -2.46517
-8.80572 -2.51807
-8.80564 -2.57231
-8.8066 -2.62786
-8.80863 -2.68471
-8.81175 -2.74283
-8.816 -2.80219
-8.82139 -2.86275
-8.82797 -2.92448
-8.83577 -2.98731
-8.84481 -3.05119
-8.85512 -3.11605
-8.86674 -3.18181
-8.87969 -3.2484
-8.894 -3.31571
-8.9097 -3.38365
-8.92681 -3.45209
-8.94535 -3.52092
-8.96532 -3.59
-8.98674 -3.65918
-9.00962 -3.7283
-9.03394 -3.79718
-9.05969 -3.86565
-9.08684 -3.93349
-9.11536 -4.0005
-9.14519 -4.06642
-9.17626 -4.13102
-9.20848 -4.19402
-9.24175 -4.25513
-9.27592 -4.31402
-9.31086 -4.37034
-9.34635 -4.42373
-9.3822 -4.47376
-9.41814 -4.51998
-9.45387 -4.56188
-9.48908 -4.5989
-9.52337 -4.6304
-9.55633 -4.65566
-9.58749 -4.67385
-9.61632 -4.68399
-9.64226 -4.68496
-9.66472 -4.67539
-9.68307 -4.65366
-9.69672 -4.61779
-9.70512 -4.56534
-9.70789 -4.49331
-9.70494 -4.39794
-9.69673 -4.27454
-9.68465 -4.11725
-9.67164 -3.91887
-9.66316 -3.67072
-9.66866 -3.36291
-9.70365 -2.98528
-9.79223 -2.53005
-9.9692 -1.99706
-10.2793 -1.40282
-10.7685 -0.792063
-11.4637 -0.244408
-12.343 0.138103
-13.3202 0.270828
-14.2685 0.132974
-15.0764 -0.220845
-15.6893 -0.695154
-16.1104 -1.19975
-16.375 -1.67425
-16.5264 -2.08893
-16.6021 -2.43517
-16.6302 -2.71572
-16.6297 -2.93813
-16.6132 -3.11115
-16.5885 -3.24311
-16.5603 -3.34125
-16.5314 -3.41161
-16.5034 -3.45917
-16.477 -3.48796
