Path for ray(in pc) 5 10
Points calculated each 2000 days for 10000 years.
4.00196 5.49388
4.00078 5.50057
3.99976 5.50731
3.99889 5.51408
3.99818 5.5209
3.99762 5.52775
3.99721 5.53465
3.99696 5.54159
3.99687 5.54857
3.99693 5.5556
3.99715 5.56266
3.99753 5.56977
3.99807 5.57693
3.99877 5.58412
3.99963 5.59137
4.00065 5.59866
4.00184 5.60599
4.00319 5.61337
4.00471 5.6208
4.0064 5.62828
4.00826 5.63581
4.0103 5.64338
4.0125 5.65101
4.01489 5.65869
4.01746 5.66643
4.02021 5.67422
4.02316 5.68206
4.02629 5.68996
4.02963 5.69793
4.03317 5.70595
4.03691 5.71403
4.04088 5.72218
4.04506 5.7304
4.04948 5.73869
4.05414 5.74705
4.05904 5.7555
4.06421 5.76402
4.06964 5.77264
4.07535 5.78136
4.08135 5.79019
4.08766 5.79913
4.09428 5.8082
4.10124 5.81741
4.10854 5.82678
4.1162 5.83632
4.12423 5.84606
4.13265 5.85601
4.14146 5.86621
4.15069 5.87668
4.16033 5.88745
4.17041 5.89857
4.18092 5.91008
4.19187 5.92202
4.20326 5.93445
4.21507 5.94744
4.2273 5.96104
4.23991 5.97534
4.25289 5.99043
4.26617 6.0064
4.2797 6.02337
4.29339 6.04147
4.30714 6.06084
4.3208 6.08164
4.33421 6.10405
4.34716 6.12829
4.35936 6.15458
4.37051 6.18319
4.38019 6.21441
4.38793 6.24855
4.39314 6.28596
4.39513 6.32702
4.3931 6.37211
4.38609 6.4216
4.37304 6.47586
4.35271 6.53515
4.32376 6.59963
4.28476 6.66926
4.23421 6.7437
4.17065 6.82221
4.09275 6.90355
3.99946 6.98586
3.89016 7.06663
3.76492 7.14272
3.62464 7.21046
3.47126 7.26589
3.3078 7.30516
3.13831 7.32492
2.96766 7.32281
2.80113 7.29771
2.64394 7.24998
2.50078 7.18138
2.37536 7.09479
2.27021 6.99387
2.1866 6.88256
2.12463 6.76474
2.08344 6.64389
2.06146 6.5229
2.05665 6.40397
2.0667 6.28862
2.08924 6.17768
2.12182 6.07142
2.16202 5.96956
2.20735 5.87144
2.25516 5.77612
2.30243 5.68258
2.34561 5.5901
2.38053 5.49884
2.40269 5.41069
2.40832 5.3301
2.39638 5.26405
2.37064 5.22017
2.33974 5.20309
2.31408 5.21144
2.3013 5.23844
2.30399 5.27539
2.32057 5.31501
2.34753 5.35278
2.38123 5.38655
2.41867 5.41577
2.45771 5.44064
2.49695 5.46172
2.53551 5.47962
2.57286 5.49489
2.60874 5.50803
2.64303 5.51941
2.67569 5.52934
2.70675 5.53807
2.73627 5.54578
2.76433 5.55262
2.79101 5.5587
2.8164 5.56409
2.84058 5.56888
2.86363 5.57311
2.88563 5.57682
2.90665 5.58004
2.92675 5.5828
2.94599 5.5851
2.96444 5.58697
2.98213 5.58841
2.99911 5.58943
3.01542 5.59003
3.03109 5.59022
3.04616 5.58998
3.06064 5.58933
3.07455 5.58825
3.08791 5.58676
3.10074 5.58483
3.11303 5.58247
3.1248 5.57968
3.13604 5.57645
3.14674 5.57278
3.15689 5.56868
3.16648 5.56413
3.1755 5.55915
3.18391 5.55374
3.1917 5.54791
3.19883 5.54167
3.20527 5.53505
3.21098 5.52806
3.21593 5.52075
3.22007 5.51314
3.22338 5.50529
3.2258 5.49724
3.22731 5.48907
3.22787 5.48084
3.22747 5.47265
3.22608 5.46457
3.2237 5.45671
3.22033 5.44917
3.216 5.44207
3.21075 5.43551
3.20462 5.42961
3.19769 5.42446
3.19005 5.42018
3.1818 5.41685
3.17307 5.41454
3.16398 5.41331
3.15467 5.41319
3.14529 5.41421
3.13598 5.41636
3.12689 5.41962
3.11814 5.42393
3.10987 5.42923
3.10218 5.43545
3.09518 5.4425
3.08893 5.45027
3.08351 5.45866
3.07896 5.46756
3.0753 5.47687
3.07256 5.48649
3.07074 5.49631
3.06984 5.50625
3.06982 5.51622
3.07068 5.52615
3.07238 5.53597
3.07489 5.54563
3.07817 5.55507
3.08219 5.56425
3.08692 5.57313
3.09232 5.5817
3.09835 5.58993
3.105 5.5978
3.11222 5.6053
3.11999 5.61242
3.12829 5.61917
3.13711 5.62553
3.14642 5.63151
3.15622 5.63712
3.16649 5.64236
3.17722 5.64724
3.18841 5.65178
3.20006 5.65597
3.21217 5.65984
3.22474 5.66339
3.23778 5.66665
3.25128 5.66962
3.26526 5.67233
3.27973 5.67479
3.2947 5.67703
3.31018 5.67905
3.32619 5.68089
3.34273 5.68256
3.35982 5.68409
3.37748 5.68549
3.39572 5.6868
3.41456 5.68804
3.43401 5.68924
3.4541 5.69041
3.47483 5.6916
3.49622 5.69282
3.51829 5.6941
3.54107 5.69548
3.56455 5.69699
3.58877 5.69864
3.61374 5.70047
3.63948 5.70252
3.66601 5.7048
3.69334 5.70736
3.72152 5.71021
3.75054 5.71339
3.78046 5.71692
3.81129 5.72084
3.84307 5.72517
3.87584 5.72995
3.90965 5.73521
3.94454 5.74097
3.98057 5.74727
4.0178 5.75415
4.05631 5.76164
4.09618 5.76979
4.1375 5.77863
4.18039 5.78822
4.22497 5.79862
4.27138 5.80988
4.31978 5.82208
4.37036 5.83529
4.42334 5.84961
4.47895 5.86514
4.53748 5.88202
4.59926 5.90038
4.66466 5.92039
4.73414 5.94227
4.80822 5.96625
4.8875 5.99261
4.97272 6.0217
5.06475 6.05395
5.16463 6.08986
5.27364 6.13007
5.39334 6.17537
5.52567 6.22677
5.67305 6.28554
5.83857 6.35336
6.02622 6.43243
6.24121 6.52573
6.49056 6.63741
6.78385 6.77332
7.13459 6.94211
7.56234 7.15697
8.09664 7.43909
8.78402 7.82454
9.70204 8.37978
10.9892 9.24042
12.9137 10.7259
16.0344 13.7663
21.2533 22.1246
14.6579 54.6452
-34.4497 23.9724
-17.7058 6.00302
-9.99129 3.94117
-6.22621 3.70052
-4.04306 3.77782
-2.62424 3.91276
-1.62769 4.04716
-0.887237 4.16775
-0.312848 4.27288
0.14848 4.36397
0.530107 4.44298
0.854259 4.51175
1.13656 4.57177
1.38863 4.62414
1.61968 4.66958
1.83766 4.70838
2.05014 4.74031
2.26526 4.76445
2.49297 4.77871
2.74703 4.77894
3.04878 4.75676
3.43526 4.694
3.97884 4.54595
4.84186 4.17755
6.43442 3.01875
8.59309 -2.86595
-6.01608 -3.90835
-3.5518 3.60023
-1.58451 4.82397
-0.609654 5.18879
-0.0437627 5.35526
0.323283 5.45636
0.579399 5.53117
0.767143 5.59415
0.90949 5.65156
1.01991 5.70641
1.1068 5.76026
1.1757 5.81397
1.23036 5.86805
1.27348 5.92277
1.30697 5.97828
1.33229 6.03465
1.35052 6.0919
1.36251 6.15001
1.36892 6.20891
1.37028 6.26853
1.36699 6.32878
1.35941 6.38954
1.34782 6.45069
1.33245 6.51209
1.31351 6.57359
1.29117 6.63505
1.2656 6.69631
1.23693 6.7572
1.2053 6.81757
1.17083 6.87725
1.13364 6.93609
1.09385 6.99394
1.05158 7.05063
1.00693 7.10604
0.960031 7.16002
0.910983 7.21244
0.859899 7.26318
0.806887 7.31213
0.752053 7.35918
0.695503 7.40424
0.637339 7.4472
0.577659 7.48798
0.516564 7.5265
0.454152 7.56267
0.390519 7.59641
0.325766 7.62766
0.259993 7.65633
0.193307 7.68235
0.125819 7.70565
0.0576444 7.72616
-0.0110903 7.74382
-0.0802518 7.75857
-0.149698 7.77036
-0.219276 7.77915
-0.288826 7.7849
-0.35818 7.7876
-0.427162 7.78725
-0.49559 7.78385
-0.563283 7.77745
-0.630054 7.76808
-0.695721 7.75582
-0.760107 7.74075
-0.823038 7.72299
-0.884355 7.70265
-0.943905 7.67988
-1.00155 7.65483
-1.05718 7.62768
-1.11069 7.59858
-1.16198 7.56774
-1.211 7.53535
-1.25769 7.50158
-1.30202 7.46664
-1.34399 7.43072
-1.3836 7.394
-1.42086 7.35667
-1.45581 7.31889
-1.48851 7.28082
-1.51899 7.24263
-1.54734 7.20445
-1.57362 7.16641
-1.59792 7.12864
-1.62032 7.09124
-1.64091 7.05431
-1.65979 7.01793
-1.67704 6.98218
-1.69276 6.94712
-1.70703 6.91281
-1.71996 6.87929
-1.73162 6.84661
-1.7421 6.81478
-1.75148 6.78383
-1.75985 6.75379
-1.76727 6.72465
-1.77382 6.69642
-1.77957 6.66911
-1.78457 6.64271
-1.78889 6.61721
-1.79259 6.5926
-1.79571 6.56888
-1.7983 6.54601
-1.80042 6.52399
-1.8021 6.50279
-1.80337 6.48241
-1.80428 6.4628
-1.80486 6.44396
-1.80514 6.42585
-1.80515 6.40846
-1.80491 6.39177
-1.80444 6.37574
-1.80377 6.36035
-1.80292 6.34559
-1.8019 6.33142
-1.80074 6.31782
-1.79944 6.30477
-1.79802 6.29226
-1.79649 6.28024
-1.79487 6.26872
-1.79316 6.25765
-1.79138 6.24703
-1.78952 6.23684
-1.78761 6.22704
-1.78564 6.21763
-1.78363 6.20859
-1.78157 6.19991
-1.77948 6.19155
-1.77736 6.18351
-1.77521 6.17578
-1.77304 6.16833
-1.77085 6.16116
-1.76865 6.15425
-1.76643 6.14758
-1.76421 6.14116
-1.76197 6.13495
-1.75973 6.12896
-1.75749 6.12317
-1.75525 6.11757
-1.75301 6.11215
-1.75077 6.1069
-1.74854 6.10182
-1.74631 6.0969
-1.74409 6.09212
-1.74187 6.08749
-1.73966 6.08299
-1.73746 6.07861
-1.73527 6.07436
-1.73309 6.07022
-1.73092 6.06619
-1.72876 6.06226
-1.72661 6.05844
-1.72447 6.05471
-1.72235 6.05107
-1.72024 6.04751
-1.71813 6.04404
-1.71605 6.04065
-1.71397 6.03733
-1.7119 6.03408
-1.70985 6.0309
-1.70781 6.02779
-1.70578 6.02474
-1.70376 6.02175
-1.70176 6.01882
-1.69977 6.01594
-1.69778 6.01312
-1.69581 6.01035
-1.69385 6.00762
-1.6919 6.00495
-1.68996 6.00232
-1.68802 5.99973
-1.6861 5.99718
-1.68419 5.99468
-1.68229 5.99221
-1.68039 5.98978
-1.67851 5.98738
-1.67663 5.98502
-1.67476 5.98269
-1.6729 5.98038
-1.67105 5.97811
-1.66921 5.97587
-1.66738 5.97364
-1.66555 5.97145
-1.66373 5.96927
-1.66193 5.96712
-1.66013 5.96499
-1.65834 5.96287
-1.65657 5.96077
-1.6548 5.95868
-1.65305 5.9566
-1.65131 5.95454
-1.64959 5.95248
-1.64789 5.95044
-1.6462 5.94839
-1.64453 5.94635
-1.64289 5.94431
-1.64127 5.94227
-1.63968 5.94023
-1.63812 5.93819
-1.63659 5.93614
-1.6351 5.93409
-1.63365 5.93203
-1.63225 5.92996
-1.6309 5.92788
-1.62961 5.9258
-1.62838 5.9237
-1.62721 5.9216
-1.62612 5.91949
-1.62511 5.91737
-1.62419 5.91525
-1.62336 5.91313
-1.62264 5.91101
-1.62202 5.9089
-1.62153 5.9068
-1.62116 5.90472
-1.62092 5.90266
-1.62082 5.90065
-1.62087 5.89868
-1.62107 5.89677
-1.62143 5.89493
-1.62195 5.89317
-1.62264 5.89151
-1.6235 5.88998
-1.62453 5.88857
-1.62572 5.88732
-1.62707 5.88624
-1.62857 5.88534
-1.63023 5.88466
-1.63201 5.8842
-1.63392 5.88399
-1.63593 5.88404
-1.63803 5.88437
-1.64019 5.88499
-1.64239 5.8859
-1.64461 5.88713
-1.64683 5.88867
-1.64901 5.89052
-1.65113 5.89269
-1.65318 5.89518
-1.65511 5.89797
-1.65692 5.90106
-1.65858 5.90444
-1.66006 5.9081
-1.66136 5.91202
-1.66246 5.91619
-1.66334 5.92059
-1.66399 5.92521
-1.66441 5.93002
-1.66459 5.93503
-1.66453 5.9402
-1.66422 5.94552
-1.66367 5.95099
-1.66287 5.9566
-1.66184 5.96232
-1.66056 5.96816
-1.65906 5.9741
-1.65733 5.98014
-1.65538 5.98628
-1.65321 5.99252
-1.65084 5.99885
-1.64827 6.00528
-1.6455 6.0118
-1.64255 6.01842
-1.63942 6.02515
-1.63611 6.03199
-1.63264 6.03895
-1.62901 6.04603
-1.62523 6.05326
-1.6213 6.06063
-1.61723 6.06815
-1.61303 6.07585
-1.6087 6.08374
-1.60425 6.09182
-1.59969 6.10012
-1.59502 6.10865
-1.59025 6.11743
-1.5854 6.12647
-1.58046 6.1358
-1.57545 6.14543
-1.57038 6.15539
-1.56526 6.1657
-1.56011 6.17638
-1.55492 6.18746
-1.54973 6.19896
-1.54454 6.21091
-1.53938 6.22333
-1.53427 6.23625
-1.52922 6.24971
-1.52427 6.26372
-1.51943 6.27833
-1.51475 6.29357
-1.51026 6.30946
-1.506 6.32604
-1.50201 6.34333
-1.49834 6.36139
-1.49504 6.38022
-1.49217 6.39987
-1.48979 6.42037
-1.48799 6.44173
-1.48683 6.46399
-1.48641 6.48717
-1.48681 6.51127
-1.48813 6.53632
-1.4905 6.5623
-1.49402 6.58921
-1.49882 6.61703
-1.50504 6.64574
-1.5128 6.67528
-1.52227 6.70559
-1.53358 6.73659
-1.54689 6.76818
-1.56235 6.80023
-1.5801 6.83259
-1.60028 6.86508
-1.62301 6.89749
-1.64841 6.9296
-1.67654 6.96115
-1.70748 6.99184
-1.74123 7.02139
-1.77777 7.04946
-1.81705 7.07573
-1.85893 7.09986
-1.90326 7.12153
-1.94982 7.14042
-1.99832 7.15624
-2.04846 7.16875
-2.09988 7.17774
-2.15217 7.18305
-2.20493 7.18459
-2.25772 7.18234
-2.31012 7.17632
-2.36171 7.16663
-2.4121 7.15343
-2.46093 7.13692
-2.50788 7.11736
-2.55268 7.09504
-2.59511 7.07027
-2.635 7.04338
-2.67223 7.01471
-2.70674 6.98458
-2.73851 6.95333
-2.76755 6.92124
-2.79391 6.88861
-2.81767 6.8557
-2.83895 6.82274
-2.85786 6.78994
-2.87452 6.75747
-2.8891 6.72549
-2.90172 6.69414
-2.91255 6.6635
-2.92171 6.63367
-2.92937 6.60472
-2.93564 6.57669
-2.94066 6.54962
-2.94455 6.52353
-2.94743 6.49843
-2.9494 6.47433
-2.95055 6.45121
-2.95099 6.42907
-2.95079 6.40789
-2.95002 6.38765
-2.94875 6.36832
-2.94705 6.34989
-2.94496 6.33232
-2.94254 6.31559
-2.93983 6.29966
-2.93686 6.28452
-2.93368 6.27012
-2.93031 6.25644
-2.92677 6.24346
-2.92309 6.23115
-2.9193 6.21948
-2.91539 6.20842
-2.91139 6.19796
-2.90732 6.18806
-2.90317 6.17871
-2.89895 6.16989
-2.89467 6.16158
-2.89034 6.15376
-2.88595 6.1464
-2.88151 6.13951
-2.87701 6.13306
-2.87245 6.12703
-2.86783 6.12142
-2.86315 6.11622
-2.85839 6.11141
-2.85356 6.10699
-2.84865 6.10295
-2.84364 6.09928
-2.83854 6.09598
-2.83332 6.09304
-2.82799 6.09047
-2.82253 6.08825
-2.81693 6.0864
-2.81117 6.08491
-2.80526 6.08378
-2.79916 6.08302
-2.79288 6.08264
-2.78639 6.08265
-2.77968 6.08304
-2.77273 6.08385
-2.76554 6.08507
-2.75808 6.08673
-2.75034 6.08884
-2.7423 6.09142
-2.73395 6.0945
-2.72526 6.09811
-2.71622 6.10227
-2.70681 6.10703
-2.69701 6.11241
-2.68681 6.11846
-2.67619 6.12523
-2.66512 6.13277
-2.65361 6.14115
-2.64162 6.15042
-2.62915 6.16066
-2.61619 6.17196
-2.60273 6.18441
-2.58877 6.19811
-2.57431 6.21317
-2.55936 6.22973
-2.54393 6.24792
-2.52807 6.26791
-2.51181 6.28986
-2.49521 6.31397
-2.47836 6.34046
-2.46137 6.36956
-2.44439 6.40153
-2.42761 6.43664
-2.41127 6.47519
-2.39566 6.5175
-2.38119 6.56389
-2.36832 6.61469
-2.35764 6.67021
-2.34986 6.73073
-2.34583 6.79647
-2.34657 6.86755
-2.35326 6.94393
-2.36724 7.02535
-2.38997 7.11128
-2.42301 7.20079
-2.46789 7.29252
-2.52602 7.38456
-2.59848 7.47451
-2.6858 7.55943
-2.78779 7.63605
-2.90333 7.70096
-3.03029 7.75095
-3.16558 7.78338
-3.30535 7.7965
-3.44537 7.78972
-3.58142 7.76366
-3.70974 7.7201
-3.82731 7.66161
-3.9321 7.59134
-4.02302 7.51255
-4.09987 7.42837
-4.16315 7.34158
-4.21384 7.2545
-4.25324 7.16893
-4.28277 7.08618
-4.30387 7.00718
-4.31789 6.93247
-4.32611 6.86233
-4.32964 6.79686
-4.32943 6.73596
-4.32633 6.67949
-4.32102 6.6272
-4.3141 6.57881
-4.30605 6.53404
-4.29727 6.49259
-4.28808 6.45417
-4.27875 6.41849
-4.26949 6.38528
-4.26049 6.3543
-4.25189 6.32529
-4.24379 6.29804
-4.23628 6.27234
-4.22944 6.248
-4.22332 6.22484
-4.21795 6.2027
-4.21336 6.18143
-4.20957 6.16088
-4.20657 6.14095
-4.20438 6.1215
-4.20299 6.10245
-4.20237 6.0837
-4.20252 6.06517
-4.20342 6.0468
-4.20503 6.02854
-4.20735 6.01035
-4.21034 5.99219
-4.21399 5.97404
-4.21827 5.95589
-4.22317 5.93774
-4.22867 5.91959
-4.23476 5.90147
-4.24143 5.88339
-4.24868 5.86538
-4.25649 5.84747
-4.26487 5.82971
-4.27381 5.81212
-4.28332 5.79477
-4.29338 5.77769
-4.30401 5.76094
-4.3152 5.74456
-4.32693 5.72863
-4.33921 5.71318
-4.35202 5.69829
-4.36535 5.68399
-4.37916 5.67036
-4.39345 5.65744
-4.40817 5.64529
-4.42329 5.63397
-4.43877 5.62351
-4.45456 5.61398
-4.47061 5.6054
-4.48687 5.59783
-4.50327 5.59128
-4.51975 5.58579
-4.53624 5.58139
-4.55268 5.57808
-4.56899 5.57588
-4.5851 5.57479
-4.60094 5.57481
-4.61645 5.57593
-4.63154 5.57813
-4.64617 5.58139
-4.66026 5.5857
-4.67375 5.59101
-4.6866 5.5973
-4.69875 5.60453
-4.71015 5.61266
-4.72077 5.62166
-4.73057 5.63147
-4.73952 5.64206
-4.74759 5.65339
-4.75476 5.66542
-4.76101 5.6781
-4.76634 5.6914
-4.77073 5.70529
-4.77417 5.71974
-4.77667 5.73471
-4.77821 5.75018
-4.7788 5.76613
-4.77844 5.78254
-4.77712 5.7994
-4.77486 5.8167
-4.77165 5.83443
-4.7675 5.85259
-4.7624 5.87118
-4.75635 5.89021
-4.74934 5.90969
-4.74137 5.92963
-4.73244 5.95006
-4.72252 5.97098
-4.71159 5.99244
-4.69965 6.01446
-4.68666 6.03708
-4.67258 6.06033
-4.65739 6.08427
-4.64103 6.10893
-4.62345 6.13438
-4.60459 6.16066
-4.58437 6.18786
-4.56272 6.21602
-4.53953 6.24524
-4.51469 6.27559
-4.48807 6.30715
-4.45952 6.34003
-4.42888 6.37432
-4.39594 6.41013
-4.36047 6.44757
-4.32222 6.48678
-4.28087 6.52788
-4.23606 6.571
-4.18739 6.61629
-4.13437 6.66388
-4.07642 6.71392
-4.01288 6.76654
-3.94295 6.82187
-3.86571 6.87999
-3.78002 6.94096
-3.68457 7.00475
-3.57776 7.07123
-3.45768 7.1401
-3.32205 7.21081
-3.16811 7.28246
-2.99259 7.35358
-2.79162 7.42194
-2.56065 7.48409
-2.29458 7.53495
-1.98787 7.56699
-1.63518 7.5693
-1.23246 7.52643
-0.779231 7.41728
-0.282231 7.21462
0.23907 6.88674
0.746205 6.40332
1.17813 5.74783
1.45716 4.93512
1.51037 4.02517
1.30181 3.11771
0.854722 2.32109
0.243842 1.71229
-0.437489 1.3161
-1.11012 1.11256
-1.72417 1.05899
-2.25732 1.10943
-2.70603 1.22516
-3.07679 1.37758
-3.38011 1.54725
-3.62713 1.72177
-3.8281 1.89366
-3.99177 2.05865
-4.12534 2.21457
-4.23464 2.36049
-4.32433 2.49626
-4.39812 2.62217
-4.45896 2.73875
-4.50921 2.84662
-4.55075 2.94647
-4.58509 3.03895
-4.61345 3.12471
-4.63683 3.20434
-4.65604 3.27838
-4.67173 3.34733
-4.68445 3.41166
-4.69466 3.47176
-4.70272 3.528
-4.70896 3.58072
-4.71364 3.63021
-4.71699 3.67675
-4.71919 3.72056
-4.7204 3.76188
-4.72076 3.80089
-4.7204 3.83777
-4.7194 3.87269
-4.71787 3.90579
-4.71588 3.9372
-4.71349 3.96705
-4.71076 3.99543
-4.70775 4.02246
-4.7045 4.04822
-4.70105 4.07281
-4.69744 4.09628
-4.69369 4.11872
-4.68984 4.1402
-4.68591 4.16076
-4.68193 4.18047
-4.67791 4.19939
-4.67387 4.21755
-4.66984 4.23501
-4.66583 4.2518
-4.66185 4.26798
-4.65791 4.28357
-4.65404 4.29861
-4.65024 4.31314
-4.64653 4.3272
-4.64292 4.34081
-4.63942 4.354
-4.63605 4.36681
-4.63282 4.37928
-4.62975 4.39142
-4.62685 4.40326
-4.62414 4.41485
-4.62164 4.4262
-4.61939 4.43735
-4.6174 4.44833
-4.61571 4.45915
-4.61436 4.46985
-4.61339 4.48045
-4.61286 4.49096
-4.61283 4.50139
-4.61335 4.51175
-4.61452 4.52201
-4.6164 4.53216
-4.61907 4.54214
-4.62262 4.55188
-4.62711 4.56127
-4.63258 4.5702
-4.63906 4.5785
-4.64651 4.58601
-4.65486 4.59257
-4.66398 4.59802
-4.67369 4.60226
-4.68378 4.60522
-4.69403 4.60691
-4.70423 4.60739
-4.71418 4.60679
-4.72376 4.60528
-4.73289 4.60304
-4.74153 4.60026
-4.74971 4.59711
-4.75746 4.59375
-4.76487 4.59028
-4.77202 4.5868
-4.77899 4.58339
-4.78586 4.58007
-4.79272 4.57689
-4.79962 4.57385
-4.80662 4.57096
-4.81377 4.56821
-4.82111 4.56561
-4.82865 4.56315
-4.83643 4.56082
-4.84446 4.55862
-4.85273 4.55653
-4.86127 4.55457
-4.87005 4.55272
-4.87908 4.55098
-4.88835 4.54937
-4.89784 4.54787
-4.90753 4.5465
-4.91741 4.54526
-4.92746 4.54415
-4.93764 4.54319
-4.94795 4.54237
-4.95834 4.54172
-4.96879 4.54123
-4.97927 4.54092
-4.98975 4.54078
-5.0002 4.54084
-5.01059 4.54108
-5.02089 4.54153
-5.03105 4.54218
-5.04107 4.54303
-5.05089 4.5441
-5.06049 4.54538
-5.06985 4.54687
-5.07892 4.54857
-5.08769 4.55048
-5.09613 4.5526
-5.10422 4.55492
-5.11193 4.55745
-5.11923 4.56017
-5.12612 4.56307
-5.13257 4.56617
-5.13856 4.56944
-5.14408 4.57288
-5.14913 4.57649
-5.15368 4.58026
-5.15772 4.58417
-5.16125 4.58824
-5.16427 4.59244
-5.16675 4.59678
-5.16871 4.60124
-5.17013 4.60584
-5.17101 4.61055
-5.17135 4.61539
-5.17114 4.62035
-5.17039 4.62543
-5.16909 4.63064
-5.16723 4.63598
-5.16482 4.64146
-5.16184 4.64708
-5.1583 4.65286
-5.15419 4.65882
-5.14951 4.66497
-5.14424 4.67133
-5.13837 4.67794
-5.13189 4.68483
-5.1248 4.69204
-5.11708 4.69961
-5.1087 4.70761
-5.09966 4.71611
-5.08993 4.72519
-5.0795 4.73496
-5.06835 4.74554
-5.05648 4.75708
-5.04388 4.76977
-5.03057 4.78384
-5.01659 4.79955
-5.00202 4.81724
-4.987 4.83731
-4.97178 4.86023
-4.95673 4.88658
-4.94246 4.91698
-4.92985 4.9521
-4.92022 4.99257
-4.91544 5.03878
-4.91799 5.0906
-4.93092 5.14688
-4.95743 5.2049
-4.99996 5.25988
-5.05874 5.30525
-5.13041 5.33401
-5.2079 5.34118
-5.28222 5.32607
-5.34547 5.2925
-5.39315 5.2471
-5.42452 5.19668
-5.44144 5.14655
-5.44692 5.09998
-5.44401 5.05855
-5.43534 5.02268
-5.4229 4.99214
-5.40815 4.9664
-5.39207 4.94483
-5.37535 4.92681
-5.35842 4.91177
-5.34156 4.89924
-5.32495 4.8888
-5.30868 4.8801
-5.2928 4.87287
-5.27735 4.86687
-5.26231 4.86191
-5.24768 4.85782
-5.23344 4.85448
-5.21956 4.85177
-5.20603 4.84961
-5.19281 4.84791
-5.17989 4.84661
-5.16723 4.84566
-5.15482 4.84501
-5.14264 4.84462
-5.13066 4.84445
-5.11887 4.84448
-5.10724 4.84469
-5.09577 4.84504
-5.08443 4.84552
-5.07322 4.84612
-5.06211 4.84682
-5.0511 4.8476
-5.04018 4.84846
-5.02933 4.84939
-5.01854 4.85037
-5.00781 4.85139
-4.99713 4.85246
-4.98648 4.85356
-4.97586 4.85469
-4.96526 4.85584
-4.95467 4.857
-4.94409 4.85818
-4.93351 4.85936
-4.92292 4.86055
-4.91232 4.86173
-4.90169 4.86291
-4.89105 4.86407
-4.88037 4.86523
-4.86966 4.86636
-4.8589 4.86748
-4.8481 4.86857
-4.83725 4.86963
-4.82634 4.87065
-4.81536 4.87164
-4.80432 4.87259
-4.79321 4.87348
-4.78203 4.87433
-4.77076 4.87512
-4.75941 4.87584
-4.74796 4.87649
-4.73642 4.87707
-4.72479 4.87756
-4.71305 4.87796
-4.7012 4.87826
-4.68924 4.87845
-4.67717 4.87852
-4.66498 4.87846
-4.65266 4.87825
-4.64022 4.87789
-4.62764 4.87737
-4.61493 4.87665
-4.60209 4.87574
-4.5891 4.87461
-4.57598 4.87323
-4.56271 4.8716
-4.5493 4.86968
-4.53574 4.86745
-4.52204 4.86488
-4.5082 4.86194
-4.49423 4.8586
-4.48013 4.85481
-4.46591 4.85055
-4.45158 4.84576
-4.43716 4.8404
-4.42266 4.83442
-4.40812 4.82776
-4.39355 4.82037
-4.379 4.81217
-4.36452 4.8031
-4.35015 4.79308
-4.33598 4.78204
-4.32207 4.7699
-4.30852 4.75658
-4.29546 4.74199
-4.28302 4.72605
-4.27137 4.70868
-4.26069 4.68981
-4.25121 4.66939
-4.24318 4.64738
-4.2369 4.62378
-4.23268 4.59861
-4.23088 4.57197
-4.2319 4.54399
-4.23613 4.51491
-4.24398 4.48505
-4.25584 4.45483
-4.27207 4.4248
-4.29292 4.39562
-4.31855 4.36804
-4.34896 4.34293
-4.38394 4.32117
-4.42311 4.30366
-4.46582 4.29123
-4.51123 4.28455
-4.55836 4.28414
-4.60608 4.29023
-4.65326 4.3028
-4.69879 4.32156
-4.74172 4.34599
-4.78124 4.37537
-4.81676 4.40888
-4.84793 4.44562
-4.87458 4.48472
-4.89675 4.52534
-4.9146 4.56674
-4.92842 4.60828
-4.93856 4.64944
-4.94542 4.6898
-4.9494 4.72903
-4.95091 4.76692
-4.95034 4.8033
-4.94804 4.83808
-4.94435 4.87119
-4.93956 4.90262
-4.93393 4.93238
-4.9277 4.96047
-4.92107 4.98694
-4.91421 5.01181
-4.90727 5.03511
-4.90038 5.05689
-4.89364 5.07715
-4.88716 5.09594
-4.88099 5.11324
-4.87521 5.12908
-4.86985 5.14346
-4.86494 5.15635
-4.86052 5.16774
-4.85658 5.17762
-4.85314 5.18595
-4.85017 5.1927
-4.84766 5.19783
-4.84559 5.2013
-4.84391 5.20307
-4.84259 5.20308
-4.84159 5.2013
-4.84084 5.19769
-4.8403 5.1922
-4.83991 5.18478
-4.83961 5.17541
-4.83935 5.16404
-4.83908 5.15064
-4.83875 5.13518
-4.83832 5.11764
-4.83776 5.09798
-4.83704 5.07619
-4.83617 5.05225
-4.83514 5.02613
-4.83397 4.99782
-4.83271 4.96731
-4.83141 4.93457
-4.83014 4.89961
-4.829 4.86241
-4.8281 4.82299
-4.82759 4.78136
-4.82761 4.73756
-4.82833 4.69163
-4.82992 4.64366
-4.83256 4.59375
-4.83643 4.54205
-4.84164 4.48873
-4.8483 4.43402
-4.85643 4.37816
-4.86595 4.32144
-4.87662 4.2641
-4.88807 4.20637
-4.89968 4.14836
-4.91058 4.08998
-4.91966 4.03082
-4.92547 3.96998
-4.92633 3.90585
-4.92033 3.8357
-4.90554 3.75525
-4.88044 3.65785
-4.84483 3.5333
-4.8021 3.36621
-4.76436 3.13423
-4.76357 2.80891
-4.87161 2.36985
-5.2137 1.85803
-5.89282 1.46955
-6.76361 1.49451
-7.44638 1.9489
-7.76569 2.53895
-7.82422 3.04427
-7.76153 3.41665
-7.65819 3.67965
-7.54923 3.8657
-7.44749 3.99961
-7.35659 4.09804
-7.27667 4.17183
-7.20669 4.22807
-7.14534 4.27148
-7.09139 4.30531
-7.04377 4.33184
-7.00159 4.35274
-6.9641 4.36928
-6.93071 4.38243
-6.90091 4.39299
-6.87427 4.4016
-6.85043 4.40884
-6.82907 4.41519
-6.80989 4.42108
-6.79266 4.4269
-6.77711 4.43302
-6.76303 4.43976
-6.7502 4.44743
-6.73845 4.45632
-6.72758 4.46667
-6.71745 4.47876
-6.70794 4.49279
-6.69896 4.50898
-6.69046 4.52754
-6.68247 4.54864
-6.67508 4.57245
-6.66845 4.59911
-6.66285 4.62871
-6.65866 4.6613
-6.65638 4.69683
-6.65663 4.73514
-6.66012 4.77589
-6.66765 4.81851
-6.68003 4.86216
-6.69796 4.90566
-6.7219 4.94752
-6.75192 4.98597
-6.78756 5.01913
-6.82775 5.04522
-6.87082 5.06283
-6.91469 5.07114
-6.9571 5.07007
-6.99598 5.06031
-7.02967 5.04311
-7.05706 5.02011
-7.07766 4.99302
-7.0915 4.96346
-7.099 4.93281
-7.10081 4.90215
-7.09771 4.87223
-7.09049 4.84358
-7.0799 4.81649
-7.0666 4.79109
-7.05119 4.7674
-7.03416 4.74538
-7.0159 4.72492
-6.99675 4.70589
-6.97698 4.68817
-6.95681 4.6716
-6.93639 4.65607
-6.91587 4.64144
-6.89536 4.6276
-6.87494 4.61445
-6.85466 4.60189
-6.83459 4.58983
-6.81476 4.57822
-6.7952 4.56697
-6.77594 4.55604
-6.757 4.54537
-6.73838 4.53491
-6.7201 4.52464
-6.70216 4.51452
-6.68458 4.50451
-6.66735 4.49459
-6.65048 4.48475
-6.63396 4.47495
-6.61781 4.46519
-6.60202 4.45544
-6.58659 4.4457
-6.57153 4.43596
-6.55683 4.42621
-6.54248 4.41643
-6.52851 4.40662
-6.5149 4.39678
-6.50165 4.38689
-6.48877 4.37696
-6.47625 4.36699
-6.4641 4.35696
-6.45233 4.34688
-6.44093 4.33674
-6.42991 4.32654
-6.41927 4.31628
-6.40901 4.30596
-6.39915 4.29559
-6.38968 4.28514
-6.38062 4.27464
-6.37197 4.26408
-6.36375 4.25346
-6.35596 4.24278
-6.34861 4.23204
-6.34172 4.22125
-6.33531 4.21042
-6.32938 4.19955
-6.32396 4.18864
-6.31907 4.17771
-6.31472 4.16677
-6.31094 4.15583
-6.30776 4.14491
-6.30519 4.13403
-6.30326 4.12322
-6.30199 4.1125
-6.30142 4.1019
-6.30156 4.09146
-6.30245 4.08123
-6.3041 4.07125
-6.30653 4.06158
-6.30975 4.05227
-6.31379 4.04338
-6.31864 4.035
-6.3243 4.02718
-6.33077 4.02001
-6.33802 4.01356
-6.34604 4.00793
-6.35477 4.00319
-6.36418 3.99942
-6.3742 3.9967
-6.38476 3.99511
-6.39579 3.9947
-6.4072 3.99555
-6.41887 3.9977
-6.43073 4.00119
-6.44264 4.00603
-6.4545 4.01225
-6.46619 4.01983
-6.4776 4.02876
-6.48863 4.03902
-6.49917 4.05055
-6.50912 4.0633
-6.51839 4.0772
-6.52692 4.09219
-6.53463 4.10818
-6.54148 4.12507
-6.54741 4.14279
-6.5524 4.16125
-6.55644 4.18035
-6.55951 4.19999
-6.56161 4.22011
-6.56277 4.24061
-6.56299 4.26142
-6.56231 4.28247
-6.56075 4.30368
-6.55835 4.325
-6.55516 4.34638
-6.55122 4.36776
-6.54656 4.3891
-6.54125 4.41037
-6.53532 4.43152
-6.52882 4.45254
-6.52181 4.47338
-6.51433 4.49405
-6.50642 4.51451
-6.49814 4.53475
-6.48951 4.55476
-6.4806 4.57452
-6.47143 4.59404
-6.46204 4.61329
-6.45248 4.63228
-6.44277 4.651
-6.43295 4.66944
-6.42305 4.68759
-6.4131 4.70546
-6.40312 4.72303
-6.39315 4.74031
-6.3832 4.75728
-6.37329 4.77395
-6.36344 4.7903
-6.35367 4.80633
-6.34399 4.82204
-6.33442 4.83742
-6.32496 4.85246
-6.31562 4.86716
-6.3064 4.88153
-6.29731 4.89554
-6.28835 4.9092
-6.27951 4.92252
-6.27081 4.93548
-6.26222 4.94809
-6.25375 4.96035
-6.24539 4.97228
-6.23713 4.98386
-6.22896 4.99513
-6.22088 5.00608
-6.21288 5.01673
-6.20494 5.02709
-6.19706 5.0372
-6.18923 5.04706
-6.18145 5.0567
-6.17371 5.06616
-6.166 5.07545
-6.15833 5.08461
-6.15069 5.09368
-6.14309 5.10268
-6.13553 5.11166
-6.12801 5.12065
-6.12055 5.12971
-6.11315 5.13886
-6.10583 5.14815
-6.09861 5.15763
-6.09149 5.16734
-6.08452 5.17733
-6.0777 5.18765
-6.07106 5.19834
-6.06464 5.20945
-6.05847 5.22103
-6.05258 5.23313
-6.047 5.24579
-6.04179 5.25906
-6.03698 5.27298
-6.03263 5.28761
-6.02878 5.30297
-6.02548 5.31911
-6.0228 5.33606
-6.0208 5.35386
-6.01953 5.37254
-6.01908 5.3921
-6.01951 5.41258
-6.0209 5.43398
-6.02333 5.45629
-6.02688 5.47952
-6.03163 5.50363
-6.03768 5.52859
-6.0451 5.55436
-6.054 5.58088
-6.06445 5.60807
-6.07654 5.63584
-6.09034 5.66407
-6.10592 5.69264
-6.12334 5.7214
-6.14265 5.75018
-6.16389 5.77881
-6.18705 5.80708
-6.21213 5.83479
-6.23909 5.86171
-6.26788 5.88763
-6.29839 5.9123
-6.33052 5.93551
-6.3641 5.95702
-6.39895 5.97664
-6.43487 5.99418
-6.47161 6.00947
-6.50892 6.02238
-6.54653 6.0328
-6.58414 6.04067
-6.62147 6.04597
-6.65823 6.04869
-6.69413 6.04889
-6.72892 6.04665
-6.76234 6.0421
-6.79416 6.03537
-6.82419 6.02663
-6.85226 6.01608
-6.87824 6.00391
-6.90203 5.99035
-6.92353 5.9756
-6.94273 5.95988
-6.95959 5.9434
-6.97413 5.92635
-6.98637 5.90894
-6.99637 5.89133
-7.00419 5.8737
-7.00991 5.85618
-7.01361 5.83892
-7.01539 5.82202
-7.01535 5.8056
-7.01358 5.78975
-7.01019 5.77453
-7.00529 5.76002
-6.99897 5.74627
-6.99132 5.73331
-6.98245 5.7212
-6.97243 5.70995
-6.96136 5.69959
-6.94931 5.69012
-6.93636 5.68157
-6.92258 5.67394
-6.90802 5.66723
-6.89276 5.66144
-6.87684 5.65657
-6.86031 5.65261
-6.84323 5.64956
-6.82563 5.64742
-6.80755 5.64618
-6.78902 5.64583
-6.77008 5.64636
-6.75075 5.64777
-6.73107 5.65005
-6.71104 5.6532
-6.6907 5.6572
-6.67006 5.66206
-6.64913 5.66776
-6.62794 5.67431
-6.60648 5.68169
-6.58479 5.68992
-6.56285 5.69898
-6.5407 5.70887
-6.51832 5.71959
-6.49573 5.73115
-6.47294 5.74355
-6.44996 5.75678
-6.42678 5.77085
-6.40342 5.78577
-6.37987 5.80154
-6.35615 5.81816
-6.33226 5.83565
-6.30821 5.854
-6.284 5.87324
-6.25963 5.89337
-6.23511 5.9144
-6.21045 5.93635
-6.18566 5.95922
-6.16073 5.98304
-6.13569 6.00782
-6.11052 6.03357
-6.08525 6.06032
-6.05988 6.08808
-6.03443 6.11688
-6.00889 6.14673
-5.98328 6.17767
-5.95762 6.20971
-5.93192 6.24289
-5.90618 6.27722
-5.88043 6.31274
-5.85468 6.34947
-5.82895 6.38746
-5.80325 6.42672
-5.77761 6.4673
-5.75204 6.50923
-5.72658 6.55254
-5.70124 6.59728
-5.67606 6.64349
-5.65106 6.6912
-5.62627 6.74046
-5.60173 6.79132
-5.57747 6.84381
-5.55354 6.89799
-5.52998 6.95391
-5.50683 7.0116
-5.48415 7.07113
-5.46198 7.13256
-5.44039 7.19592
-5.41944 7.26128
-5.3992 7.32869
-5.37974 7.39821
-5.36113 7.46989
-5.34348 7.54381
-5.32686 7.62
-5.31138 7.69853
-5.29714 7.77947
-5.28426 7.86286
-5.27286 7.94875
-5.26308 8.03722
-5.25506 8.12829
-5.24896 8.22203
-5.24492 8.31847
-5.24314 8.41765
-5.2438 8.51961
-5.24711 8.62437
-5.25326 8.73193
-5.2625 8.84232
-5.27505 8.95551
-5.29118 9.07148
-5.31115 9.19021
-5.33523 9.31163
-5.36373 9.43566
-5.39694 9.56221
-5.43517 9.69114
-5.47876 9.82231
-5.52803 9.95552
-5.58331 10.0906
-5.64494 10.2272
-5.71326 10.3651
-5.78859 10.5039
-5.87126 10.6433
-5.96156 10.7828
-6.05978 10.922
-6.16618 11.0603
-6.28097 11.1972
-6.40434 11.3321
-6.5364 11.4643
-6.67725 11.5931
-6.82689 11.7178
-6.98525 11.8376
-7.15221 11.9519
-7.32753 12.0597
-7.51092 12.1603
-7.70198 12.2529
-7.90021 12.3368
-8.10505 12.4113
-8.31581 12.4756
-8.53175 12.5293
-8.75205 12.5718
-8.97581 12.6025
-9.20208 12.6212
-9.42988 12.6277
-9.65818 12.6218
-9.88595 12.6034
-10.1122 12.5727
-10.3358 12.5299
-10.556 12.4753
-10.7716 12.4092
-10.982 12.3323
-11.1862 12.245
-11.3836 12.1482
-11.5736 12.0423
-11.7555 11.9283
-11.929 11.807
-12.0937 11.679
-12.2494 11.5453
-12.3958 11.4066
-12.5329 11.2638
-12.6607 11.1176
-12.7793 10.9687
-12.8887 10.8179
-12.9891 10.6658
-13.0808 10.5131
-13.1639 10.3602
-13.2389 10.2077
-13.306 10.0561
-13.3656 9.90575
-13.4179 9.75709
-13.4634 9.61041
-13.5025 9.46602
-13.5354 9.32414
-13.5626 9.18499
-13.5843 9.04875
-13.601 8.91554
-13.613 8.7855
-13.6205 8.65869
-13.6239 8.5352
-13.6235 8.41506
-13.6196 8.29829
-13.6123 8.18491
-13.602 8.07491
-13.5889 7.96828
-13.5732 7.86498
-13.5552 7.765
-13.5349 7.66827
-13.5126 7.57476
-13.4884 7.48441
-13.4625 7.39717
-13.4351 7.31297
-13.4062 7.23177
-13.376 7.15349
-13.3445 7.07809
-13.312 7.00549
-13.2784 6.93564
-13.2438 6.86849
-13.2084 6.80397
-13.1722 6.74203
-13.1352 6.68262
-13.0975 6.6257
-13.0591 6.57123
-13.0201 6.51915
-12.9806 6.46944
-12.9405 6.42207
-12.8998 6.377
-12.8587 6.33423
-12.817 6.29373
-12.7749 6.2555
-12.7323 6.21953
-12.6893 6.18584
-12.6458 6.15443
-12.6019 6.12533
-12.5575 6.09857
-12.5126 6.07419
-12.4674 6.05225
-12.4217 6.03281
-12.3755 6.01595
-12.3289 6.00177
-12.282 5.99038
-12.2346 5.98191
-12.1868 5.97651
-12.1388 5.97435
-12.0905 5.97563
-12.042 5.98056
-11.9935 5.9894
-11.945 6.00243
-11.8968 6.01996
-11.849 6.04231
-11.8021 6.06987
-11.7564 6.10301
-11.7123 6.14216
-11.6705 6.18773
-11.6318 6.24012
-11.5969 6.29972
-11.567 6.36682
-11.5434 6.4416
-11.5277 6.52406
-11.5215 6.61391
-11.5268 6.71053
-11.5457 6.81278
-11.5801 6.91897
-11.6321 7.0267
-11.7032 7.13288
-11.7943 7.2337
-11.9053 7.32486
-12.035 7.40177
-12.1807 7.46007
-12.3386 7.49603
-12.5036 7.50708
-12.6701 7.49216
-12.8325 7.45184
-12.9854 7.38826
-13.1249 7.30473
-13.2478 7.20536
-13.3527 7.0945
