Path for ray(in pc) -7 -5
Points calculated each 200 days for 1000 years.
-0.750489 -3.87739
-0.749855 -3.87903
-0.749224 -3.88068
-0.748596 -3.88233
-0.747971 -3.88398
-0.747349 -3.88564
-0.746731 -3.88731
-0.746116 -3.88898
-0.745504 -3.89065
-0.744896 -3.89233
-0.744292 -3.89401
-0.74369 -3.8957
-0.743093 -3.89739
-0.742499 -3.89908
-0.741908 -3.90079
-0.741322 -3.90249
-0.740739 -3.9042
-0.74016 -3.90592
-0.739584 -3.90764
-0.739013 -3.90936
-0.738445 -3.91109
-0.737882 -3.91282
-0.737322 -3.91456
-0.736767 -3.91631
-0.736215 -3.91805
-0.735668 -3.91981
-0.735125 -3.92156
-0.734587 -3.92333
-0.734052 -3.92509
-0.733522 -3.92687
-0.732996 -3.92864
-0.732475 -3.93042
-0.731958 -3.93221
-0.731446 -3.934
-0.730939 -3.9358
-0.730436 -3.9376
-0.729938 -3.93941
-0.729444 -3.94122
-0.728956 -3.94303
-0.728472 -3.94485
-0.727993 -3.94668
-0.72752 -3.94851
-0.727051 -3.95034
-0.726587 -3.95218
-0.726129 -3.95403
-0.725676 -3.95588
-0.725228 -3.95774
-0.724785 -3.9596
-0.724348 -3.96146
-0.723916 -3.96333
-0.72349 -3.96521
-0.72307 -3.96709
-0.722655 -3.96897
-0.722245 -3.97086
-0.721842 -3.97275
-0.721444 -3.97465
-0.721052 -3.97656
-0.720666 -3.97847
-0.720287 -3.98038
-0.719913 -3.9823
-0.719545 -3.98423
-0.719184 -3.98616
-0.718829 -3.98809
-0.71848 -3.99003
-0.718137 -3.99198
-0.717801 -3.99393
-0.717472 -3.99588
-0.717149 -3.99784
-0.716833 -3.99981
-0.716524 -4.00178
-0.716221 -4.00375
-0.715925 -4.00573
-0.715637 -4.00772
-0.715355 -4.00971
-0.71508 -4.0117
-0.714813 -4.0137
-0.714552 -4.0157
-0.7143 -4.01771
-0.714054 -4.01973
-0.713816 -4.02175
-0.713585 -4.02377
-0.713362 -4.0258
-0.713147 -4.02784
-0.71294 -4.02988
-0.71274 -4.03192
-0.712548 -4.03397
-0.712364 -4.03602
-0.712189 -4.03808
-0.712021 -4.04015
-0.711862 -4.04222
-0.711711 -4.04429
-0.711568 -4.04637
-0.711434 -4.04845
-0.711308 -4.05054
-0.711191 -4.05263
-0.711083 -4.05473
-0.710984 -4.05683
-0.710893 -4.05894
-0.710811 -4.06105
-0.710739 -4.06317
-0.710675 -4.06529
-0.710621 -4.06742
-0.710576 -4.06955
-0.71054 -4.07168
-0.710514 -4.07383
-0.710497 -4.07597
-0.71049 -4.07812
-0.710493 -4.08027
-0.710506 -4.08243
-0.710528 -4.0846
-0.710561 -4.08676
-0.710604 -4.08894
-0.710656 -4.09111
-0.710719 -4.0933
-0.710793 -4.09548
-0.710877 -4.09767
-0.710971 -4.09987
-0.711076 -4.10207
-0.711192 -4.10427
-0.711318 -4.10648
-0.711456 -4.10869
-0.711605 -4.11091
-0.711764 -4.11313
-0.711935 -4.11535
-0.712117 -4.11758
-0.712311 -4.11981
-0.712516 -4.12205
-0.712733 -4.12429
-0.712961 -4.12654
-0.713201 -4.12879
-0.713453 -4.13104
-0.713717 -4.1333
-0.713993 -4.13556
-0.714281 -4.13782
-0.714582 -4.14009
-0.714895 -4.14236
-0.715221 -4.14464
-0.715559 -4.14692
-0.715909 -4.1492
-0.716273 -4.15149
-0.716649 -4.15378
-0.717039 -4.15607
-0.717441 -4.15837
-0.717857 -4.16067
-0.718286 -4.16297
-0.718729 -4.16528
-0.719185 -4.16759
-0.719655 -4.1699
-0.720138 -4.17222
-0.720635 -4.17454
-0.721147 -4.17686
-0.721672 -4.17919
-0.722211 -4.18152
-0.722765 -4.18385
-0.723333 -4.18618
-0.723916 -4.18852
-0.724513 -4.19086
-0.725125 -4.1932
-0.725752 -4.19554
-0.726393 -4.19789
-0.72705 -4.20024
-0.727722 -4.20259
-0.728409 -4.20494
-0.729111 -4.2073
-0.729829 -4.20966
-0.730563 -4.21202
-0.731312 -4.21438
-0.732077 -4.21674
-0.732858 -4.21911
-0.733655 -4.22148
-0.734469 -4.22385
-0.735298 -4.22622
-0.736144 -4.22859
-0.737006 -4.23096
-0.737885 -4.23334
-0.738781 -4.23572
-0.739693 -4.23809
-0.740622 -4.24047
-0.741569 -4.24285
-0.742533 -4.24523
-0.743513 -4.24761
-0.744512 -4.24999
-0.745527 -4.25238
-0.746561 -4.25476
-0.747612 -4.25714
-0.748681 -4.25953
-0.749768 -4.26191
-0.750873 -4.26429
-0.751996 -4.26668
-0.753137 -4.26906
-0.754297 -4.27145
-0.755476 -4.27383
-0.756673 -4.27621
-0.757888 -4.2786
-0.759123 -4.28098
-0.760377 -4.28336
-0.761649 -4.28574
-0.762941 -4.28812
-0.764252 -4.2905
-0.765583 -4.29288
-0.766933 -4.29525
-0.768303 -4.29763
-0.769692 -4.3
-0.771102 -4.30237
-0.772531 -4.30474
-0.773981 -4.30711
-0.77545 -4.30948
-0.77694 -4.31184
-0.778451 -4.3142
-0.779981 -4.31656
-0.781533 -4.31892
-0.783105 -4.32127
-0.784698 -4.32362
-0.786313 -4.32597
-0.787948 -4.32832
-0.789604 -4.33066
-0.791282 -4.333
-0.792981 -4.33533
-0.794701 -4.33766
-0.796443 -4.33999
-0.798207 -4.34232
-0.799993 -4.34464
-0.8018 -4.34695
-0.80363 -4.34926
-0.805481 -4.35157
-0.807355 -4.35387
-0.809251 -4.35617
-0.811169 -4.35846
-0.813111 -4.36075
-0.815074 -4.36303
-0.81706 -4.36531
-0.81907 -4.36758
-0.821102 -4.36984
-0.823157 -4.3721
-0.825235 -4.37435
-0.827336 -4.3766
-0.82946 -4.37884
-0.831608 -4.38107
-0.833779 -4.3833
-0.835974 -4.38552
-0.838193 -4.38773
-0.840435 -4.38994
-0.842701 -4.39214
-0.844991 -4.39433
-0.847305 -4.39651
-0.849642 -4.39868
-0.852004 -4.40085
-0.854391 -4.40301
-0.856801 -4.40516
-0.859236 -4.4073
-0.861695 -4.40943
-0.864179 -4.41155
-0.866688 -4.41367
-0.869221 -4.41577
-0.871779 -4.41786
-0.874361 -4.41995
-0.876969 -4.42202
-0.879602 -4.42409
-0.882259 -4.42614
-0.884942 -4.42818
-0.88765 -4.43021
-0.890383 -4.43223
-0.893141 -4.43424
-0.895925 -4.43624
-0.898734 -4.43823
-0.901568 -4.4402
-0.904428 -4.44216
-0.907313 -4.44411
-0.910225 -4.44605
-0.913161 -4.44797
-0.916124 -4.44989
-0.919112 -4.45179
-0.922126 -4.45367
-0.925166 -4.45554
-0.928232 -4.4574
-0.931324 -4.45924
-0.934441 -4.46107
-0.937585 -4.46289
-0.940755 -4.46469
-0.94395 -4.46648
-0.947172 -4.46825
-0.95042 -4.47
-0.953694 -4.47174
-0.956995 -4.47347
-0.960321 -4.47517
-0.963674 -4.47687
-0.967053 -4.47854
-0.970458 -4.4802
-0.97389 -4.48184
-0.977347 -4.48347
-0.980832 -4.48508
-0.984342 -4.48667
-0.987879 -4.48824
-0.991442 -4.48979
-0.995031 -4.49133
-0.998647 -4.49285
-1.00229 -4.49435
-1.00596 -4.49583
-1.00965 -4.49729
-1.01337 -4.49873
-1.01712 -4.50015
-1.02089 -4.50156
-1.02469 -4.50294
-1.02852 -4.5043
-1.03237 -4.50564
-1.03625 -4.50696
-1.04015 -4.50826
-1.04409 -4.50954
-1.04804 -4.5108
-1.05203 -4.51204
-1.05603 -4.51325
-1.06007 -4.51444
-1.06413 -4.51561
-1.06822 -4.51676
-1.07233 -4.51789
-1.07647 -4.51899
-1.08063 -4.52007
-1.08482 -4.52112
-1.08904 -4.52215
-1.09328 -4.52316
-1.09755 -4.52415
-1.10184 -4.5251
-1.10616 -4.52604
-1.11051 -4.52695
-1.11487 -4.52783
-1.11927 -4.52869
-1.12369 -4.52953
-1.12813 -4.53034
-1.1326 -4.53112
-1.1371 -4.53188
-1.14162 -4.53261
-1.14616 -4.53331
-1.15073 -4.53399
-1.15533 -4.53464
-1.15994 -4.53526
-1.16459 -4.53586
-1.16925 -4.53643
-1.17395 -4.53697
-1.17866 -4.53748
-1.1834 -4.53797
-1.18816 -4.53842
-1.19295 -4.53885
-1.19776 -4.53925
-1.2026 -4.53962
-1.20746 -4.53996
-1.21234 -4.54027
-1.21724 -4.54055
-1.22217 -4.54081
-1.22712 -4.54103
-1.2321 -4.54122
-1.23709 -4.54138
-1.24211 -4.54151
-1.24716 -4.54162
-1.25222 -4.54169
-1.25731 -4.54172
-1.26242 -4.54173
-1.26755 -4.54171
-1.2727 -4.54165
-1.27787 -4.54157
-1.28307 -4.54145
-1.28829 -4.5413
-1.29352 -4.54112
-1.29878 -4.5409
-1.30406 -4.54065
-1.30936 -4.54037
-1.31469 -4.54006
-1.32003 -4.53971
-1.32539 -4.53933
-1.33077 -4.53892
-1.33617 -4.53848
-1.3416 -4.538
-1.34704 -4.53748
-1.3525 -4.53694
-1.35798 -4.53636
-1.36348 -4.53574
-1.36899 -4.53509
-1.37453 -4.53441
-1.38009 -4.53369
-1.38566 -4.53294
-1.39125 -4.53216
-1.39686 -4.53133
-1.40249 -4.53048
-1.40813 -4.52959
-1.41379 -4.52866
-1.41947 -4.5277
-1.42517 -4.5267
-1.43088 -4.52567
-1.43661 -4.52461
-1.44236 -4.5235
-1.44812 -4.52236
-1.4539 -4.52119
-1.45969 -4.51998
-1.4655 -4.51874
-1.47133 -4.51746
-1.47717 -4.51614
-1.48302 -4.51479
-1.48889 -4.5134
-1.49477 -4.51197
-1.50067 -4.51051
-1.50658 -4.50902
-1.51251 -4.50748
-1.51845 -4.50591
-1.5244 -4.50431
-1.53037 -4.50267
-1.53635 -4.50099
-1.54234 -4.49927
-1.54835 -4.49752
-1.55437 -4.49574
-1.5604 -4.49391
-1.56644 -4.49205
-1.57249 -4.49016
-1.57856 -4.48823
-1.58463 -4.48626
-1.59072 -4.48425
-1.59682 -4.48221
-1.60293 -4.48014
-1.60905 -4.47802
-1.61518 -4.47587
-1.62132 -4.47369
-1.62746 -4.47147
-1.63362 -4.46921
-1.63979 -4.46691
-1.64597 -4.46458
-1.65215 -4.46222
-1.65835 -4.45982
-1.66455 -4.45738
-1.67076 -4.45491
-1.67698 -4.4524
-1.68321 -4.44985
-1.68944 -4.44727
-1.69568 -4.44466
-1.70193 -4.44201
-1.70819 -4.43932
-1.71445 -4.4366
-1.72072 -4.43384
-1.72699 -4.43105
-1.73328 -4.42822
-1.73956 -4.42536
-1.74585 -4.42247
-1.75215 -4.41954
-1.75846 -4.41657
-1.76476 -4.41358
-1.77108 -4.41054
-1.77739 -4.40748
-1.78371 -4.40438
-1.79004 -4.40124
-1.79637 -4.39807
-1.8027 -4.39487
-1.80904 -4.39164
-1.81538 -4.38837
-1.82172 -4.38507
-1.82806 -4.38174
-1.83441 -4.37837
-1.84076 -4.37497
-1.84712 -4.37154
-1.85347 -4.36808
-1.85983 -4.36458
-1.86618 -4.36106
-1.87254 -4.3575
-1.8789 -4.35391
-1.88527 -4.35029
-1.89163 -4.34664
-1.89799 -4.34296
-1.90436 -4.33924
-1.91072 -4.3355
-1.91708 -4.33173
-1.92345 -4.32793
-1.92981 -4.32409
-1.93618 -4.32023
-1.94254 -4.31634
-1.9489 -4.31242
-1.95526 -4.30847
-1.96162 -4.3045
-1.96798 -4.30049
-1.97433 -4.29646
-1.98069 -4.2924
-1.98704 -4.28831
-1.99339 -4.2842
-1.99974 -4.28005
-2.00609 -4.27589
-2.01243 -4.27169
-2.01877 -4.26747
-2.02511 -4.26322
-2.03145 -4.25895
-2.03778 -4.25465
-2.04411 -4.25033
-2.05043 -4.24598
-2.05675 -4.24161
-2.06307 -4.23721
-2.06938 -4.23279
-2.07569 -4.22835
-2.082 -4.22388
-2.0883 -4.21939
-2.09459 -4.21488
-2.10089 -4.21034
-2.10717 -4.20578
-2.11345 -4.20121
-2.11973 -4.19661
-2.126 -4.19198
-2.13227 -4.18734
-2.13853 -4.18268
-2.14478 -4.17799
-2.15103 -4.17329
-2.15727 -4.16857
-2.16351 -4.16383
-2.16974 -4.15907
-2.17596 -4.15429
-2.18218 -4.14949
-2.18839 -4.14467
-2.1946 -4.13984
-2.20079 -4.13499
-2.20699 -4.13012
-2.21317 -4.12524
-2.21935 -4.12034
-2.22552 -4.11542
-2.23168 -4.11049
-2.23783 -4.10554
-2.24398 -4.10058
-2.25012 -4.09561
-2.25625 -4.09062
-2.26237 -4.08561
-2.26849 -4.08059
-2.2746 -4.07556
-2.2807 -4.07052
-2.28679 -4.06546
-2.29287 -4.0604
-2.29894 -4.05532
-2.30501 -4.05022
-2.31107 -4.04512
-2.31712 -4.04001
-2.32316 -4.03489
-2.32919 -4.02975
-2.33521 -4.02461
-2.34122 -4.01946
-2.34722 -4.0143
-2.35322 -4.00913
-2.3592 -4.00395
-2.36518 -3.99877
-2.37114 -3.99357
-2.3771 -3.98837
-2.38304 -3.98317
-2.38898 -3.97795
-2.39491 -3.97273
-2.40082 -3.96751
-2.40673 -3.96228
-2.41263 -3.95705
-2.41851 -3.95181
-2.42439 -3.94656
-2.43025 -3.94131
-2.43611 -3.93606
-2.44195 -3.93081
-2.44779 -3.92555
-2.45361 -3.92029
-2.45943 -3.91503
-2.46523 -3.90977
-2.47102 -3.9045
-2.4768 -3.89924
-2.48257 -3.89397
-2.48833 -3.88871
-2.49408 -3.88344
-2.49981 -3.87817
-2.50554 -3.87291
-2.51125 -3.86764
-2.51695 -3.86238
-2.52264 -3.85712
-2.52832 -3.85186
-2.53399 -3.8466
-2.53965 -3.84135
-2.54529 -3.8361
-2.55093 -3.83085
-2.55655 -3.82561
-2.56216 -3.82037
-2.56775 -3.81513
-2.57334 -3.8099
-2.57891 -3.80468
-2.58447 -3.79946
-2.59002 -3.79424
-2.59556 -3.78904
-2.60108 -3.78383
-2.6066 -3.77864
-2.61209 -3.77345
-2.61758 -3.76827
-2.62306 -3.7631
-2.62852 -3.75793
-2.63397 -3.75278
-2.6394 -3.74763
-2.64483 -3.74249
-2.65024 -3.73736
-2.65563 -3.73224
-2.66102 -3.72713
-2.66639 -3.72203
-2.67175 -3.71694
-2.67709 -3.71187
-2.68243 -3.7068
-2.68774 -3.70174
-2.69305 -3.6967
-2.69834 -3.69166
-2.70362 -3.68664
-2.70888 -3.68164
-2.71413 -3.67664
-2.71937 -3.67166
-2.72459 -3.66669
-2.7298 -3.66173
-2.735 -3.65679
-2.74018 -3.65186
-2.74535 -3.64695
-2.7505 -3.64205
-2.75564 -3.63717
-2.76076 -3.6323
-2.76587 -3.62744
-2.77097 -3.6226
-2.77605 -3.61778
-2.78112 -3.61298
-2.78617 -3.60819
-2.79121 -3.60341
-2.79623 -3.59865
-2.80124 -3.59392
-2.80623 -3.58919
-2.81121 -3.58449
-2.81617 -3.5798
-2.82112 -3.57513
-2.82605 -3.57048
-2.83097 -3.56584
-2.83587 -3.56123
-2.84076 -3.55663
-2.84563 -3.55206
-2.85049 -3.5475
-2.85533 -3.54296
-2.86015 -3.53844
-2.86496 -3.53394
-2.86975 -3.52946
-2.87453 -3.525
-2.87929 -3.52056
-2.88403 -3.51614
-2.88876 -3.51174
-2.89347 -3.50736
-2.89817 -3.503
-2.90285 -3.49867
-2.90751 -3.49435
-2.91216 -3.49006
-2.91679 -3.48578
-2.9214 -3.48153
-2.926 -3.4773
-2.93058 -3.4731
-2.93514 -3.46891
-2.93969 -3.46475
-2.94422 -3.46061
-2.94873 -3.45649
-2.95322 -3.45239
-2.9577 -3.44832
-2.96216 -3.44427
-2.9666 -3.44024
-2.97102 -3.43623
-2.97543 -3.43225
-2.97982 -3.42829
-2.98419 -3.42436
-2.98855 -3.42044
-2.99288 -3.41655
-2.9972 -3.41269
-3.0015 -3.40885
-3.00578 -3.40503
-3.01004 -3.40123
-3.01429 -3.39746
-3.01852 -3.39372
-3.02272 -3.38999
-3.02691 -3.3863
-3.03109 -3.38262
-3.03524 -3.37897
-3.03937 -3.37534
-3.04349 -3.37174
-3.04758 -3.36816
-3.05166 -3.36461
-3.05572 -3.36108
-3.05976 -3.35758
-3.06378 -3.3541
-3.06778 -3.35064
-3.07176 -3.34721
-3.07572 -3.3438
-3.07967 -3.34042
-3.08359 -3.33706
-3.08749 -3.33373
-3.09138 -3.33042
-3.09524 -3.32714
-3.09909 -3.32388
-3.10291 -3.32064
-3.10671 -3.31743
-3.1105 -3.31425
-3.11426 -3.31109
-3.11801 -3.30795
-3.12173 -3.30484
-3.12544 -3.30175
-3.12912 -3.29869
-3.13279 -3.29565
-3.13643 -3.29264
-3.14005 -3.28965
-3.14366 -3.28669
-3.14724 -3.28375
-3.1508 -3.28083
-3.15434 -3.27794
-3.15786 -3.27507
-3.16136 -3.27223
-3.16484 -3.26941
-3.1683 -3.26661
-3.17174 -3.26384
-3.17515 -3.2611
-3.17855 -3.25838
-3.18192 -3.25568
-3.18527 -3.253
-3.18861 -3.25035
-3.19192 -3.24772
-3.19521 -3.24512
-3.19848 -3.24254
-3.20172 -3.23999
-3.20495 -3.23745
-3.20815 -3.23494
-3.21134 -3.23246
-3.2145 -3.23
-3.21764 -3.22756
-3.22076 -3.22514
-3.22386 -3.22275
-3.22693 -3.22038
-3.22999 -3.21803
-3.23302 -3.21571
-3.23603 -3.2134
-3.23902 -3.21112
-3.24199 -3.20887
-3.24493 -3.20663
-3.24786 -3.20442
-3.25076 -3.20223
-3.25364 -3.20006
-3.2565 -3.19792
-3.25934 -3.19579
-3.26215 -3.19369
-3.26495 -3.19161
-3.26772 -3.18955
-3.27047 -3.18751
-3.2732 -3.1855
-3.27591 -3.1835
-3.27859 -3.18153
-3.28126 -3.17958
-3.2839 -3.17764
-3.28652 -3.17573
-3.28912 -3.17384
-3.29169 -3.17197
-3.29425 -3.17012
-3.29678 -3.16829
-3.29929 -3.16648
-3.30178 -3.16469
-3.30424 -3.16292
-3.30669 -3.16117
-3.30911 -3.15944
-3.31151 -3.15773
-3.31389 -3.15604
-3.31625 -3.15437
-3.31859 -3.15272
-3.3209 -3.15109
-3.3232 -3.14947
-3.32547 -3.14787
-3.32772 -3.1463
-3.32995 -3.14474
-3.33215 -3.1432
-3.33434 -3.14168
-3.3365 -3.14017
-3.33864 -3.13869
-3.34076 -3.13722
-3.34286 -3.13577
-3.34494 -3.13433
-3.347 -3.13292
-3.34903 -3.13152
-3.35104 -3.13014
-3.35303 -3.12877
-3.35501 -3.12743
-3.35695 -3.12609
-3.35888 -3.12478
-3.36079 -3.12348
-3.36268 -3.1222
-3.36454 -3.12094
-3.36638 -3.11969
-3.36821 -3.11845
-3.37001 -3.11724
-3.37179 -3.11603
-3.37355 -3.11485
-3.37529 -3.11368
-3.37701 -3.11252
-3.37871 -3.11138
-3.38038 -3.11025
-3.38204 -3.10914
-3.38368 -3.10804
-3.38529 -3.10696
-3.38689 -3.10589
-3.38846 -3.10484
-3.39002 -3.1038
-3.39155 -3.10278
-3.39306 -3.10176
-3.39456 -3.10077
-3.39603 -3.09978
-3.39748 -3.09881
-3.39892 -3.09785
-3.40033 -3.09691
-3.40173 -3.09598
-3.4031 -3.09506
-3.40445 -3.09415
-3.40579 -3.09326
-3.4071 -3.09238
-3.4084 -3.09151
-3.40968 -3.09065
-3.41093 -3.08981
-3.41217 -3.08897
-3.41339 -3.08815
-3.41459 -3.08734
-3.41577 -3.08654
-3.41693 -3.08576
-3.41807 -3.08498
-3.4192 -3.08422
-3.4203 -3.08347
-3.42139 -3.08272
-3.42245 -3.08199
-3.4235 -3.08127
-3.42453 -3.08056
-3.42555 -3.07986
-3.42654 -3.07917
-3.42751 -3.0785
-3.42847 -3.07783
-3.42941 -3.07717
-3.43033 -3.07652
-3.43124 -3.07588
-3.43212 -3.07525
-3.43299 -3.07463
-3.43384 -3.07401
-3.43467 -3.07341
-3.43549 -3.07282
-3.43628 -3.07223
-3.43706 -3.07166
-3.43783 -3.07109
-3.43857 -3.07053
-3.4393 -3.06998
-3.44001 -3.06944
-3.44071 -3.06891
-3.44139 -3.06838
-3.44205 -3.06787
-3.44269 -3.06736
-3.44332 -3.06686
-3.44393 -3.06636
-3.44453 -3.06588
-3.44511 -3.0654
-3.44567 -3.06493
-3.44622 -3.06446
-3.44675 -3.06401
-3.44726 -3.06356
-3.44776 -3.06311
-3.44824 -3.06268
-3.44871 -3.06225
-3.44916 -3.06183
-3.4496 -3.06141
-3.45002 -3.061
-3.45043 -3.0606
-3.45082 -3.0602
-3.45119 -3.05981
-3.45155 -3.05943
-3.4519 -3.05905
-3.45223 -3.05868
-3.45255 -3.05831
-3.45285 -3.05795
-3.45314 -3.05759
-3.45341 -3.05724
-3.45367 -3.0569
-3.45391 -3.05656
-3.45414 -3.05622
-3.45435 -3.05589
-3.45456 -3.05557
-3.45474 -3.05525
-3.45492 -3.05494
-3.45508 -3.05463
-3.45522 -3.05432
-3.45536 -3.05403
-3.45548 -3.05373
-3.45558 -3.05344
-3.45567 -3.05315
-3.45575 -3.05287
-3.45582 -3.05259
-3.45587 -3.05232
-3.45591 -3.05205
-3.45594 -3.05178
-3.45596 -3.05152
-3.45596 -3.05127
-3.45595 -3.05101
-3.45592 -3.05076
-3.45589 -3.05052
-3.45584 -3.05027
-3.45578 -3.05003
-3.45571 -3.0498
-3.45563 -3.04956
-3.45553 -3.04933
-3.45542 -3.04911
-3.4553 -3.04889
-3.45517 -3.04867
-3.45503 -3.04845
-3.45488 -3.04823
-3.45471 -3.04802
-3.45453 -3.04782
-3.45435 -3.04761
-3.45415 -3.04741
-3.45394 -3.04721
-3.45372 -3.04701
-3.45348 -3.04681
-3.45324 -3.04662
-3.45299 -3.04643
-3.45272 -3.04624
-3.45245 -3.04606
-3.45216 -3.04587
-3.45187 -3.04569
-3.45156 -3.04551
-3.45125 -3.04534
-3.45092 -3.04516
-3.45059 -3.04499
-3.45024 -3.04482
-3.44988 -3.04465
-3.44952 -3.04448
-3.44914 -3.04432
-3.44876 -3.04415
-3.44836 -3.04399
-3.44796 -3.04383
-3.44755 -3.04367
-3.44712 -3.04351
-3.44669 -3.04335
-3.44625 -3.0432
-3.4458 -3.04304
-3.44534 -3.04289
-3.44488 -3.04274
-3.4444 -3.04259
-3.44392 -3.04244
-3.44342 -3.04229
-3.44292 -3.04215
-3.44241 -3.042
-3.44189 -3.04186
-3.44136 -3.04171
-3.44083 -3.04157
-3.44028 -3.04143
-3.43973 -3.04129
-3.43917 -3.04115
-3.4386 -3.04101
-3.43803 -3.04087
-3.43745 -3.04073
-3.43685 -3.04059
-3.43626 -3.04046
-3.43565 -3.04032
-3.43504 -3.04018
-3.43441 -3.04005
-3.43379 -3.03991
-3.43315 -3.03978
-3.43251 -3.03965
-3.43186 -3.03951
-3.4312 -3.03938
-3.43054 -3.03925
-3.42986 -3.03911
-3.42919 -3.03898
-3.4285 -3.03885
-3.42781 -3.03872
-3.42711 -3.03858
-3.42641 -3.03845
-3.4257 -3.03832
-3.42498 -3.03819
-3.42426 -3.03806
-3.42353 -3.03792
-3.42279 -3.03779
-3.42205 -3.03766
-3.4213 -3.03753
-3.42054 -3.0374
-3.41978 -3.03726
-3.41902 -3.03713
-3.41825 -3.037
-3.41747 -3.03687
-3.41668 -3.03673
-3.4159 -3.0366
-3.4151 -3.03647
-3.4143 -3.03633
-3.4135 -3.0362
-3.41268 -3.03606
-3.41187 -3.03593
-3.41105 -3.03579
-3.41022 -3.03566
-3.40939 -3.03552
-3.40855 -3.03539
-3.40771 -3.03525
-3.40686 -3.03511
-3.40601 -3.03497
-3.40515 -3.03483
-3.40429 -3.03469
-3.40343 -3.03455
-3.40256 -3.03441
-3.40168 -3.03427
-3.4008 -3.03413
-3.39992 -3.03399
-3.39903 -3.03385
-3.39814 -3.0337
-3.39724 -3.03356
-3.39634 -3.03341
-3.39543 -3.03327
-3.39452 -3.03312
-3.39361 -3.03297
-3.39269 -3.03282
-3.39177 -3.03268
-3.39084 -3.03253
-3.38991 -3.03237
-3.38898 -3.03222
-3.38804 -3.03207
-3.3871 -3.03192
-3.38616 -3.03176
-3.38521 -3.03161
-3.38426 -3.03145
-3.3833 -3.0313
-3.38235 -3.03114
-3.38138 -3.03098
-3.38042 -3.03082
-3.37945 -3.03066
-3.37848 -3.0305
-3.37751 -3.03034
-3.37653 -3.03017
-3.37555 -3.03001
-3.37456 -3.02984
-3.37358 -3.02968
-3.37259 -3.02951
-3.37159 -3.02934
-3.3706 -3.02917
-3.3696 -3.029
-3.3686 -3.02883
-3.3676 -3.02865
-3.36659 -3.02848
-3.36558 -3.0283
-3.36457 -3.02813
-3.36356 -3.02795
-3.36254 -3.02777
-3.36152 -3.02759
-3.3605 -3.02741
-3.35948 -3.02723
-3.35845 -3.02705
-3.35742 -3.02686
-3.35639 -3.02668
-3.35536 -3.02649
-3.35433 -3.0263
-3.35329 -3.02611
-3.35225 -3.02592
-3.35121 -3.02573
-3.35017 -3.02554
-3.34912 -3.02534
-3.34808 -3.02515
-3.34703 -3.02495
-3.34598 -3.02475
-3.34493 -3.02456
-3.34388 -3.02436
-3.34282 -3.02415
-3.34177 -3.02395
-3.34071 -3.02375
-3.33965 -3.02354
-3.33859 -3.02334
-3.33753 -3.02313
-3.33646 -3.02292
-3.3354 -3.02271
-3.33433 -3.0225
-3.33327 -3.02229
-3.3322 -3.02207
-3.33113 -3.02186
-3.33006 -3.02164
-3.32898 -3.02142
-3.32791 -3.0212
-3.32684 -3.02098
-3.32576 -3.02076
-3.32469 -3.02054
-3.32361 -3.02031
-3.32253 -3.02009
-3.32145 -3.01986
-3.32037 -3.01963
-3.31929 -3.0194
-3.31821 -3.01917
-3.31713 -3.01894
-3.31605 -3.01871
-3.31496 -3.01847
-3.31388 -3.01823
-3.3128 -3.018
-3.31171 -3.01776
-3.31063 -3.01752
-3.30954 -3.01728
-3.30845 -3.01703
-3.30737 -3.01679
-3.30628 -3.01654
-3.30519 -3.0163
-3.3041 -3.01605
-3.30302 -3.0158
-3.30193 -3.01555
-3.30084 -3.0153
-3.29975 -3.01504
-3.29866 -3.01479
-3.29757 -3.01453
-3.29648 -3.01428
-3.29539 -3.01402
-3.29431 -3.01376
-3.29322 -3.0135
-3.29213 -3.01323
-3.29104 -3.01297
-3.28995 -3.0127
-3.28886 -3.01244
-3.28777 -3.01217
-3.28668 -3.0119
-3.2856 -3.01163
-3.28451 -3.01136
-3.28342 -3.01109
-3.28233 -3.01081
-3.28125 -3.01054
-3.28016 -3.01026
-3.27907 -3.00998
-3.27799 -3.0097
-3.2769 -3.00942
-3.27582 -3.00914
-3.27474 -3.00886
-3.27365 -3.00857
-3.27257 -3.00829
-3.27149 -3.008
-3.2704 -3.00771
-3.26932 -3.00742
-3.26824 -3.00713
-3.26716 -3.00684
-3.26608 -3.00655
-3.26501 -3.00625
-3.26393 -3.00596
-3.26285 -3.00566
-3.26178 -3.00536
-3.2607 -3.00506
-3.25963 -3.00476
-3.25856 -3.00446
-3.25748 -3.00416
-3.25641 -3.00385
-3.25534 -3.00355
-3.25427 -3.00324
-3.25321 -3.00293
-3.25214 -3.00262
-3.25107 -3.00231
-3.25001 -3.002
-3.24895 -3.00169
-3.24788 -3.00138
-3.24682 -3.00106
-3.24576 -3.00075
-3.2447 -3.00043
-3.24365 -3.00011
-3.24259 -2.99979
-3.24154 -2.99947
-3.24048 -2.99915
-3.23943 -2.99883
-3.23838 -2.9985
-3.23733 -2.99818
-3.23628 -2.99785
-3.23524 -2.99752
-3.23419 -2.9972
-3.23315 -2.99687
-3.23211 -2.99654
-3.23107 -2.9962
-3.23003 -2.99587
-3.229 -2.99554
-3.22796 -2.9952
-3.22693 -2.99487
-3.2259 -2.99453
-3.22487 -2.99419
-3.22384 -2.99386
-3.22281 -2.99352
-3.22179 -2.99317
-3.22076 -2.99283
-3.21974 -2.99249
-3.21872 -2.99215
-3.21771 -2.9918
-3.21669 -2.99146
-3.21568 -2.99111
-3.21467 -2.99076
-3.21366 -2.99041
-3.21265 -2.99007
-3.21164 -2.98972
-3.21064 -2.98936
-3.20964 -2.98901
-3.20864 -2.98866
-3.20764 -2.98831
-3.20665 -2.98795
-3.20565 -2.9876
-3.20466 -2.98724
-3.20367 -2.98688
-3.20269 -2.98652
-3.2017 -2.98617
-3.20072 -2.98581
-3.19974 -2.98545
-3.19876 -2.98508
-3.19779 -2.98472
-3.19682 -2.98436
-3.19584 -2.984
-3.19488 -2.98363
-3.19391 -2.98327
-3.19295 -2.9829
-3.19199 -2.98254
-3.19103 -2.98217
-3.19007 -2.9818
-3.18912 -2.98143
-3.18816 -2.98106
-3.18722 -2.98069
-3.18627 -2.98032
-3.18533 -2.97995
-3.18438 -2.97958
-3.18345 -2.97921
-3.18251 -2.97883
-3.18158 -2.97846
-3.18065 -2.97809
-3.17972 -2.97771
-3.17879 -2.97734
-3.17787 -2.97696
-3.17695 -2.97659
-3.17603 -2.97621
-3.17512 -2.97583
-3.1742 -2.97545
-3.17329 -2.97508
-3.17239 -2.9747
-3.17148 -2.97432
-3.17058 -2.97394
-3.16969 -2.97356
-3.16879 -2.97318
-3.1679 -2.9728
-3.16701 -2.97242
-3.16612 -2.97203
-3.16524 -2.97165
-3.16436 -2.97127
-3.16348 -2.97089
-3.16261 -2.97051
-3.16174 -2.97012
-3.16087 -2.96974
-3.16 -2.96936
-3.15914 -2.96897
-3.15828 -2.96859
-3.15742 -2.9682
-3.15657 -2.96782
-3.15572 -2.96743
-3.15487 -2.96705
-3.15403 -2.96666
-3.15319 -2.96628
-3.15235 -2.96589
-3.15151 -2.96551
-3.15068 -2.96512
-3.14985 -2.96474
-3.14903 -2.96435
-3.14821 -2.96397
-3.14739 -2.96358
-3.14657 -2.96319
-3.14576 -2.96281
-3.14495 -2.96242
-3.14415 -2.96204
-3.14335 -2.96165
-3.14255 -2.96127
-3.14175 -2.96088
-3.14096 -2.96049
-3.14017 -2.96011
-3.13939 -2.95972
-3.13861 -2.95934
-3.13783 -2.95896
-3.13705 -2.95857
-3.13628 -2.95819
-3.13551 -2.9578
-3.13475 -2.95742
-3.13399 -2.95704
-3.13323 -2.95665
-3.13248 -2.95627
-3.13172 -2.95589
-3.13098 -2.9555
-3.13023 -2.95512
-3.12949 -2.95474
-3.12876 -2.95436
-3.12802 -2.95398
-3.1273 -2.9536
-3.12657 -2.95322
-3.12585 -2.95284
-3.12513 -2.95246
-3.12441 -2.95208
-3.1237 -2.95171
-3.123 -2.95133
-3.12229 -2.95095
-3.12159 -2.95058
-3.12089 -2.9502
-3.1202 -2.94983
-3.11951 -2.94945
-3.11883 -2.94908
-3.11815 -2.94871
-3.11747 -2.94834
-3.11679 -2.94797
-3.11612 -2.9476
-3.11546 -2.94723
-3.11479 -2.94686
-3.11413 -2.94649
-3.11348 -2.94612
-3.11283 -2.94576
-3.11218 -2.94539
-3.11153 -2.94503
-3.11089 -2.94467
-3.11026 -2.94431
-3.10963 -2.94394
-3.109 -2.94358
-3.10837 -2.94323
-3.10775 -2.94287
-3.10713 -2.94251
-3.10652 -2.94216
-3.10591 -2.9418
-3.1053 -2.94145
-3.1047 -2.9411
-3.1041 -2.94075
-3.10351 -2.9404
-3.10292 -2.94005
-3.10233 -2.9397
-3.10175 -2.93936
-3.10117 -2.93901
-3.1006 -2.93867
-3.10003 -2.93833
-3.09946 -2.93799
-3.0989 -2.93765
-3.09834 -2.93732
-3.09779 -2.93698
-3.09723 -2.93665
-3.09669 -2.93631
-3.09614 -2.93598
-3.09561 -2.93566
-3.09507 -2.93533
-3.09454 -2.935
-3.09401 -2.93468
-3.09349 -2.93436
-3.09297 -2.93404
-3.09245 -2.93372
-3.09194 -2.9334
-3.09143 -2.93309
-3.09093 -2.93277
-3.09043 -2.93246
-3.08994 -2.93215
-3.08944 -2.93185
-3.08896 -2.93154
-3.08847 -2.93124
-3.08799 -2.93094
-3.08752 -2.93064
-3.08705 -2.93034
-3.08658 -2.93005
-3.08611 -2.92975
-3.08565 -2.92946
-3.0852 -2.92917
-3.08475 -2.92889
-3.0843 -2.9286
-3.08385 -2.92832
-3.08341 -2.92804
-3.08298 -2.92777
-3.08254 -2.92749
-3.08212 -2.92722
-3.08169 -2.92695
-3.08127 -2.92668
-3.08085 -2.92642
-3.08044 -2.92616
-3.08003 -2.9259
-3.07963 -2.92564
-3.07923 -2.92539
-3.07883 -2.92513
-3.07844 -2.92488
-3.07805 -2.92464
-3.07766 -2.92439
-3.07728 -2.92415
-3.0769 -2.92392
-3.07653 -2.92368
-3.07616 -2.92345
-3.07579 -2.92322
-3.07543 -2.92299
-3.07507 -2.92277
-3.07472 -2.92255
-3.07436 -2.92233
-3.07402 -2.92212
-3.07367 -2.92191
-3.07333 -2.9217
-3.073 -2.92149
-3.07267 -2.92129
-3.07234 -2.92109
-3.07201 -2.9209
-3.07169 -2.9207
-3.07137 -2.92051
-3.07106 -2.92033
-3.07075 -2.92015
-3.07044 -2.91997
-3.07014 -2.91979
-3.06984 -2.91962
-3.06955 -2.91945
-3.06925 -2.91929
-3.06897 -2.91913
-3.06868 -2.91897
-3.0684 -2.91881
-3.06812 -2.91866
-3.06785 -2.91852
-3.06758 -2.91837
-3.06731 -2.91823
-3.06705 -2.9181
-3.06679 -2.91797
-3.06653 -2.91784
-3.06628 -2.91771
-3.06603 -2.91759
-3.06578 -2.91748
-3.06554 -2.91736
-3.0653 -2.91725
-3.06506 -2.91715
-3.06483 -2.91705
-3.0646 -2.91695
-3.06437 -2.91686
-3.06415 -2.91677
-3.06393 -2.91669
-3.06371 -2.91661
-3.0635 -2.91653
-3.06329 -2.91646
-3.06308 -2.91639
-3.06288 -2.91633
-3.06267 -2.91627
-3.06248 -2.91622
-3.06228 -2.91617
-3.06209 -2.91612
-3.0619 -2.91608
-3.06171 -2.91605
-3.06153 -2.91601
-3.06135 -2.91599
-3.06117 -2.91596
-3.061 -2.91594
-3.06083 -2.91593
-3.06066 -2.91592
-3.06049 -2.91592
-3.06033 -2.91592
-3.06017 -2.91592
-3.06001 -2.91593
-3.05985 -2.91595
-3.0597 -2.91597
-3.05955 -2.91599
-3.0594 -2.91602
-3.05926 -2.91606
-3.05912 -2.9161
-3.05898 -2.91614
-3.05884 -2.91619
-3.05871 -2.91624
-3.05857 -2.9163
-3.05844 -2.91637
-3.05831 -2.91644
-3.05819 -2.91651
-3.05807 -2.91659
-3.05794 -2.91667
-3.05783 -2.91676
-3.05771 -2.91686
-3.05759 -2.91696
-3.05748 -2.91707
-3.05737 -2.91718
-3.05726 -2.91729
-3.05716 -2.91741
-3.05705 -2.91754
-3.05695 -2.91767
-3.05685 -2.91781
-3.05675 -2.91796
-3.05665 -2.9181
-3.05656 -2.91826
-3.05646 -2.91842
-3.05637 -2.91858
-3.05628 -2.91875
-3.05619 -2.91893
-3.05611 -2.91911
-3.05602 -2.9193
-3.05594 -2.91949
-3.05585 -2.91969
-3.05577 -2.9199
-3.05569 -2.92011
-3.05561 -2.92032
-3.05554 -2.92054
-3.05546 -2.92077
-3.05539 -2.921
-3.05531 -2.92124
-3.05524 -2.92149
-3.05517 -2.92174
-3.0551 -2.92199
-3.05503 -2.92226
-3.05496 -2.92252
-3.05489 -2.9228
-3.05482 -2.92308
-3.05476 -2.92336
-3.05469 -2.92366
-3.05463 -2.92395
-3.05457 -2.92426
-3.0545 -2.92457
-3.05444 -2.92488
-3.05438 -2.9252
-3.05432 -2.92553
-3.05425 -2.92586
-3.05419 -2.9262
-3.05413 -2.92655
-3.05407 -2.9269
-3.05401 -2.92726
-3.05395 -2.92762
-3.05389 -2.92799
-3.05384 -2.92837
-3.05378 -2.92875
-3.05372 -2.92914
-3.05366 -2.92953
-3.0536 -2.92993
-3.05354 -2.93034
-3.05348 -2.93075
-3.05342 -2.93117
-3.05336 -2.9316
-3.0533 -2.93203
-3.05324 -2.93246
-3.05318 -2.93291
-3.05311 -2.93336
-3.05305 -2.93381
-3.05299 -2.93427
-3.05293 -2.93474
-3.05286 -2.93522
-3.0528 -2.9357
-3.05273 -2.93618
-3.05266 -2.93668
-3.0526 -2.93718
-3.05253 -2.93768
-3.05246 -2.93819
-3.05239 -2.93871
-3.05232 -2.93924
-3.05224 -2.93977
-3.05217 -2.9403
-3.0521 -2.94085
-3.05202 -2.94139
-3.05194 -2.94195
-3.05186 -2.94251
-3.05178 -2.94308
-3.0517 -2.94365
-3.05162 -2.94423
-3.05153 -2.94482
-3.05144 -2.94541
-3.05136 -2.94601
-3.05127 -2.94661
-3.05117 -2.94722
-3.05108 -2.94784
-3.05098 -2.94846
-3.05089 -2.94909
-3.05079 -2.94973
-3.05068 -2.95037
-3.05058 -2.95101
-3.05047 -2.95167
-3.05036 -2.95233
-3.05025 -2.95299
-3.05014 -2.95366
-3.05002 -2.95434
-3.04991 -2.95502
-3.04979 -2.95571
-3.04966 -2.95641
-3.04954 -2.95711
-3.04941 -2.95782
-3.04928 -2.95853
-3.04914 -2.95925
-3.04901 -2.95998
-3.04887 -2.96071
-3.04873 -2.96144
-3.04858 -2.96219
-3.04843 -2.96294
-3.04828 -2.96369
-3.04813 -2.96445
-3.04797 -2.96522
-3.04781 -2.96599
-3.04764 -2.96677
-3.04747 -2.96755
-3.0473 -2.96834
-3.04713 -2.96913
-3.04695 -2.96993
-3.04677 -2.97074
-3.04658 -2.97155
-3.0464 -2.97237
-3.0462 -2.97319
-3.04601 -2.97402
-3.04581 -2.97485
-3.0456 -2.97569
-3.0454 -2.97654
-3.04518 -2.97739
-3.04497 -2.97824
-3.04475 -2.97911
-3.04453 -2.97997
-3.0443 -2.98084
-3.04407 -2.98172
-3.04383 -2.9826
-3.04359 -2.98349
-3.04335 -2.98438
-3.0431 -2.98528
-3.04284 -2.98619
-3.04258 -2.98709
-3.04232 -2.98801
-3.04206 -2.98893
-3.04178 -2.98985
-3.04151 -2.99078
-3.04123 -2.99171
-3.04094 -2.99265
-3.04065 -2.99359
-3.04036 -2.99454
-3.04006 -2.99549
-3.03975 -2.99645
-3.03944 -2.99742
-3.03913 -2.99838
-3.03881 -2.99935
-3.03848 -3.00033
-3.03815 -3.00131
-3.03781 -3.0023
-3.03747 -3.00329
-3.03713 -3.00428
-3.03678 -3.00528
-3.03642 -3.00629
-3.03606 -3.00729
-3.03569 -3.00831
-3.03532 -3.00932
-3.03494 -3.01034
-3.03456 -3.01137
-3.03417 -3.0124
-3.03377 -3.01343
-3.03337 -3.01447
-3.03297 -3.01551
-3.03255 -3.01656
-3.03214 -3.01761
-3.03171 -3.01866
-3.03128 -3.01972
-3.03085 -3.02078
-3.03041 -3.02185
-3.02996 -3.02292
-3.02951 -3.02399
-3.02905 -3.02506
-3.02858 -3.02614
-3.02811 -3.02723
-3.02763 -3.02831
-3.02715 -3.02941
-3.02666 -3.0305
-3.02616 -3.0316
-3.02566 -3.0327
-3.02515 -3.0338
-3.02464 -3.03491
-3.02412 -3.03602
-3.02359 -3.03713
-3.02305 -3.03825
-3.02251 -3.03937
-3.02197 -3.04049
-3.02141 -3.04162
-3.02085 -3.04275
-3.02029 -3.04388
-3.01971 -3.04501
-3.01913 -3.04615
-3.01855 -3.04729
-3.01795 -3.04844
-3.01735 -3.04958
-3.01675 -3.05073
-3.01613 -3.05188
-3.01551 -3.05303
-3.01489 -3.05419
-3.01425 -3.05535
-3.01361 -3.05651
-3.01296 -3.05767
-3.01231 -3.05883
-3.01165 -3.06
-3.01098 -3.06117
-3.0103 -3.06234
-3.00962 -3.06351
-3.00893 -3.06469
-3.00824 -3.06587
-3.00753 -3.06705
-3.00682 -3.06823
-3.0061 -3.06941
-3.00538 -3.07059
-3.00465 -3.07178
-3.00391 -3.07297
-3.00316 -3.07416
-3.00241 -3.07535
-3.00165 -3.07654
-3.00088 -3.07773
-3.00011 -3.07893
-2.99932 -3.08012
-2.99853 -3.08132
-2.99774 -3.08252
-2.99693 -3.08372
-2.99612 -3.08492
-2.9953 -3.08612
-2.99448 -3.08733
-2.99364 -3.08853
-2.9928 -3.08973
-2.99195 -3.09094
-2.9911 -3.09215
-2.99023 -3.09335
-2.98936 -3.09456
-2.98848 -3.09577
-2.9876 -3.09698
-2.98671 -3.09819
-2.98581 -3.0994
-2.9849 -3.10061
-2.98398 -3.10182
-2.98306 -3.10303
-2.98213 -3.10424
-2.98119 -3.10545
-2.98024 -3.10667
-2.97929 -3.10788
-2.97833 -3.10909
-2.97736 -3.1103
-2.97639 -3.11151
-2.9754 -3.11272
-2.97441 -3.11394
-2.97341 -3.11515
-2.97241 -3.11636
-2.97139 -3.11757
-2.97037 -3.11878
-2.96934 -3.11999
-2.96831 -3.1212
-2.96726 -3.12241
-2.96621 -3.12362
-2.96515 -3.12482
-2.96409 -3.12603
-2.96301 -3.12724
-2.96193 -3.12844
-2.96084 -3.12965
-2.95974 -3.13085
-2.95864 -3.13205
-2.95752 -3.13325
-2.9564 -3.13445
-2.95528 -3.13565
-2.95414 -3.13685
-2.953 -3.13805
-2.95185 -3.13924
-2.95069 -3.14044
-2.94952 -3.14163
-2.94835 -3.14282
-2.94717 -3.14401
-2.94598 -3.1452
-2.94478 -3.14639
-2.94358 -3.14757
-2.94237 -3.14876
-2.94115 -3.14994
-2.93992 -3.15112
-2.93869 -3.1523
-2.93744 -3.15347
-2.93619 -3.15465
-2.93494 -3.15582
-2.93367 -3.15699
-2.9324 -3.15816
-2.93112 -3.15933
-2.92983 -3.16049
-2.92854 -3.16165
-2.92723 -3.16281
-2.92592 -3.16397
-2.92461 -3.16512
-2.92328 -3.16628
-2.92195 -3.16743
-2.92061 -3.16857
-2.91926 -3.16972
-2.91791 -3.17086
-2.91654 -3.172
-2.91517 -3.17314
-2.9138 -3.17427
-2.91241 -3.1754
-2.91102 -3.17653
-2.90962 -3.17765
-2.90821 -3.17878
-2.9068 -3.1799
-2.90538 -3.18101
-2.90395 -3.18213
-2.90251 -3.18323
-2.90106 -3.18434
-2.89961 -3.18544
-2.89815 -3.18654
-2.89669 -3.18764
-2.89521 -3.18873
-2.89373 -3.18982
-2.89225 -3.19091
-2.89075 -3.19199
-2.88925 -3.19307
-2.88774 -3.19415
-2.88622 -3.19522
-2.8847 -3.19629
-2.88317 -3.19735
-2.88163 -3.19841
-2.88008 -3.19947
-2.87853 -3.20052
-2.87697 -3.20157
-2.8754 -3.20262
-2.87383 -3.20366
-2.87225 -3.20469
-2.87066 -3.20573
-2.86906 -3.20675
-2.86746 -3.20778
-2.86585 -3.2088
-2.86423 -3.20981
-2.86261 -3.21082
-2.86098 -3.21183
-2.85934 -3.21283
-2.8577 -3.21383
-2.85604 -3.21482
-2.85439 -3.21581
-2.85272 -3.2168
-2.85105 -3.21777
-2.84937 -3.21875
-2.84768 -3.21972
-2.84599 -3.22068
-2.84429 -3.22164
-2.84258 -3.2226
-2.84087 -3.22355
-2.83915 -3.22449
-2.83742 -3.22543
-2.83569 -3.22637
-2.83395 -3.2273
-2.8322 -3.22822
-2.83045 -3.22914
-2.82869 -3.23006
-2.82693 -3.23097
-2.82515 -3.23187
-2.82337 -3.23277
-2.82159 -3.23366
-2.81979 -3.23455
-2.81799 -3.23543
-2.81619 -3.23631
-2.81438 -3.23718
-2.81256 -3.23804
-2.81073 -3.2389
-2.8089 -3.23976
-2.80706 -3.2406
-2.80522 -3.24145
-2.80337 -3.24228
-2.80151 -3.24311
-2.79965 -3.24394
-2.79778 -3.24476
-2.7959 -3.24557
-2.79402 -3.24638
-2.79214 -3.24718
-2.79024 -3.24797
-2.78834 -3.24876
-2.78643 -3.24954
-2.78452 -3.25032
