Path for ray(in pc) 0 0
Points calculated each 200 days for 1000 years.
1.76891 -1.16051
1.76496 -1.15983
1.76103 -1.15912
1.75712 -1.15838
1.75324 -1.15762
1.74938 -1.15683
1.74554 -1.15601
1.74173 -1.15517
1.73794 -1.1543
1.73417 -1.15341
1.73043 -1.15249
1.72671 -1.15155
1.72301 -1.15058
1.71934 -1.1496
1.7157 -1.14859
1.71208 -1.14756
1.70848 -1.14651
1.70491 -1.14544
1.70136 -1.14434
1.69785 -1.14323
1.69435 -1.1421
1.69088 -1.14095
1.68744 -1.13978
1.68402 -1.1386
1.68063 -1.1374
1.67727 -1.13618
1.67393 -1.13494
1.67062 -1.13369
1.66733 -1.13242
1.66407 -1.13114
1.66083 -1.12985
1.65762 -1.12854
1.65444 -1.12722
1.65128 -1.12588
1.64815 -1.12454
1.64505 -1.12318
1.64197 -1.12181
1.63892 -1.12043
1.63589 -1.11904
1.63289 -1.11764
1.62991 -1.11622
1.62696 -1.1148
1.62403 -1.11337
1.62113 -1.11194
1.61826 -1.11049
1.61541 -1.10904
1.61258 -1.10758
1.60978 -1.10611
1.60701 -1.10464
1.60426 -1.10316
1.60153 -1.10168
1.59883 -1.10019
1.59615 -1.09869
1.59349 -1.09719
1.59086 -1.09569
1.58826 -1.09418
1.58567 -1.09267
1.58311 -1.09116
1.58057 -1.08964
1.57806 -1.08813
1.57557 -1.0866
1.5731 -1.08508
1.57065 -1.08356
1.56822 -1.08203
1.56582 -1.08051
1.56344 -1.07898
1.56108 -1.07745
1.55874 -1.07592
1.55642 -1.0744
1.55412 -1.07287
1.55184 -1.07134
1.54958 -1.06982
1.54734 -1.06829
1.54513 -1.06677
1.54293 -1.06525
1.54075 -1.06373
1.53859 -1.06221
1.53645 -1.06069
1.53433 -1.05918
1.53222 -1.05767
1.53014 -1.05616
1.52807 -1.05465
1.52602 -1.05315
1.52398 -1.05165
1.52197 -1.05015
1.51997 -1.04866
1.51799 -1.04717
1.51602 -1.04569
1.51407 -1.04421
1.51214 -1.04273
1.51022 -1.04126
1.50832 -1.03979
1.50643 -1.03833
1.50456 -1.03687
1.5027 -1.03541
1.50086 -1.03397
1.49903 -1.03252
1.49722 -1.03108
1.49542 -1.02965
1.49363 -1.02822
1.49186 -1.02679
1.4901 -1.02538
1.48835 -1.02396
1.48662 -1.02256
1.4849 -1.02115
1.48319 -1.01976
1.48149 -1.01837
1.4798 -1.01698
1.47813 -1.0156
1.47647 -1.01423
1.47482 -1.01286
1.47318 -1.0115
1.47155 -1.01014
1.46993 -1.00879
1.46832 -1.00745
1.46672 -1.00611
1.46514 -1.00478
1.46356 -1.00346
1.46199 -1.00214
1.46043 -1.00082
1.45888 -0.999515
1.45734 -0.998213
1.45581 -0.996918
1.45428 -0.995629
1.45277 -0.994345
1.45126 -0.993068
1.44976 -0.991797
1.44827 -0.990532
1.44679 -0.989273
1.44531 -0.98802
1.44385 -0.986773
1.44239 -0.985531
1.44093 -0.984296
1.43948 -0.983067
1.43804 -0.981844
1.43661 -0.980626
1.43518 -0.979414
1.43376 -0.978209
1.43235 -0.977009
1.43094 -0.975814
1.42954 -0.974626
1.42814 -0.973443
1.42675 -0.972265
1.42536 -0.971094
1.42398 -0.969927
1.4226 -0.968767
1.42123 -0.967611
1.41987 -0.966461
1.4185 -0.965317
1.41715 -0.964178
1.41579 -0.963044
1.41445 -0.961915
1.4131 -0.960791
1.41176 -0.959673
1.41042 -0.958559
1.40909 -0.957451
1.40776 -0.956347
1.40644 -0.955249
1.40512 -0.954155
1.4038 -0.953066
1.40248 -0.951981
1.40117 -0.950902
1.39986 -0.949826
1.39856 -0.948756
1.39726 -0.947689
1.39596 -0.946628
1.39466 -0.94557
1.39336 -0.944517
1.39207 -0.943468
1.39078 -0.942423
1.38949 -0.941382
1.38821 -0.940346
1.38693 -0.939313
1.38564 -0.938284
1.38437 -0.937259
1.38309 -0.936237
1.38181 -0.93522
1.38054 -0.934206
1.37927 -0.933195
1.378 -0.932188
1.37673 -0.931184
1.37546 -0.930184
1.3742 -0.929187
1.37293 -0.928193
1.37167 -0.927203
1.37041 -0.926215
1.36914 -0.925231
1.36788 -0.92425
1.36663 -0.923271
1.36537 -0.922295
1.36411 -0.921322
1.36285 -0.920352
1.3616 -0.919384
1.36034 -0.918419
1.35909 -0.917456
1.35784 -0.916496
1.35658 -0.915538
1.35533 -0.914583
1.35408 -0.913629
1.35283 -0.912678
1.35158 -0.911729
1.35033 -0.910782
1.34908 -0.909837
1.34783 -0.908894
1.34658 -0.907953
1.34533 -0.907013
1.34408 -0.906076
1.34283 -0.90514
1.34158 -0.904205
1.34034 -0.903272
1.33909 -0.902341
1.33784 -0.901411
1.33659 -0.900482
1.33534 -0.899554
1.33409 -0.898628
1.33284 -0.897703
1.33159 -0.896779
1.33035 -0.895856
1.3291 -0.894934
1.32785 -0.894013
1.3266 -0.893093
1.32535 -0.892174
1.3241 -0.891255
1.32285 -0.890338
1.32159 -0.88942
1.32034 -0.888504
1.31909 -0.887588
1.31784 -0.886672
1.31659 -0.885757
1.31534 -0.884842
1.31408 -0.883927
1.31283 -0.883013
1.31157 -0.882099
1.31032 -0.881185
1.30906 -0.880271
1.30781 -0.879357
1.30655 -0.878443
1.3053 -0.877529
1.30404 -0.876615
1.30278 -0.875701
1.30152 -0.874787
1.30027 -0.873872
1.29901 -0.872957
1.29775 -0.872041
1.29649 -0.871126
1.29523 -0.870209
1.29396 -0.869292
1.2927 -0.868375
1.29144 -0.867457
1.29018 -0.866538
1.28891 -0.865619
1.28765 -0.864698
1.28638 -0.863777
1.28512 -0.862855
1.28385 -0.861932
1.28258 -0.861009
1.28132 -0.860084
1.28005 -0.859158
1.27878 -0.858231
1.27751 -0.857303
1.27624 -0.856374
1.27497 -0.855444
1.2737 -0.854512
1.27243 -0.853579
1.27115 -0.852645
1.26988 -0.851709
1.26861 -0.850772
1.26733 -0.849833
1.26606 -0.848893
1.26478 -0.847951
1.26351 -0.847008
1.26223 -0.846063
1.26095 -0.845116
1.25968 -0.844168
1.2584 -0.843218
1.25712 -0.842266
1.25584 -0.841312
1.25456 -0.840357
1.25328 -0.839399
1.252 -0.83844
1.25071 -0.837478
1.24943 -0.836515
1.24815 -0.835549
1.24686 -0.834581
1.24558 -0.833612
1.2443 -0.83264
1.24301 -0.831665
1.24173 -0.830689
1.24044 -0.82971
1.23915 -0.828729
1.23787 -0.827746
1.23658 -0.82676
1.23529 -0.825772
1.234 -0.824781
1.23271 -0.823788
1.23142 -0.822792
1.23013 -0.821794
1.22884 -0.820793
1.22755 -0.81979
1.22626 -0.818784
1.22497 -0.817775
1.22368 -0.816764
1.22239 -0.815749
1.2211 -0.814732
1.2198 -0.813712
1.21851 -0.81269
1.21722 -0.811664
1.21593 -0.810636
1.21463 -0.809604
1.21334 -0.80857
1.21204 -0.807533
1.21075 -0.806492
1.20945 -0.805449
1.20816 -0.804402
1.20687 -0.803352
1.20557 -0.8023
1.20427 -0.801243
1.20298 -0.800184
1.20168 -0.799122
1.20039 -0.798056
1.19909 -0.796987
1.1978 -0.795915
1.1965 -0.794839
1.1952 -0.79376
1.19391 -0.792678
1.19261 -0.791592
1.19132 -0.790502
1.19002 -0.78941
1.18873 -0.788313
1.18743 -0.787213
1.18613 -0.78611
1.18484 -0.785003
1.18354 -0.783893
1.18225 -0.782778
1.18095 -0.78166
1.17966 -0.780539
1.17836 -0.779414
1.17707 -0.778285
1.17577 -0.777152
1.17448 -0.776015
1.17318 -0.774875
1.17189 -0.773731
1.1706 -0.772583
1.1693 -0.771431
1.16801 -0.770275
1.16672 -0.769115
1.16543 -0.767952
1.16413 -0.766784
1.16284 -0.765612
1.16155 -0.764437
1.16026 -0.763257
1.15897 -0.762073
1.15768 -0.760886
1.15639 -0.759694
1.1551 -0.758498
1.15382 -0.757298
1.15253 -0.756093
1.15124 -0.754885
1.14995 -0.753672
1.14867 -0.752455
1.14738 -0.751234
1.1461 -0.750009
1.14482 -0.748779
1.14353 -0.747545
1.14225 -0.746307
1.14097 -0.745064
1.13969 -0.743817
1.13841 -0.742566
1.13713 -0.74131
1.13585 -0.74005
1.13458 -0.738786
1.1333 -0.737517
1.13202 -0.736243
1.13075 -0.734965
1.12948 -0.733683
1.1282 -0.732396
1.12693 -0.731104
1.12566 -0.729808
1.12439 -0.728508
1.12313 -0.727203
1.12186 -0.725893
1.12059 -0.724579
1.11933 -0.72326
1.11806 -0.721936
1.1168 -0.720608
1.11554 -0.719275
1.11428 -0.717937
1.11302 -0.716595
1.11177 -0.715248
1.11051 -0.713897
1.10926 -0.71254
1.108 -0.711179
1.10675 -0.709813
1.1055 -0.708442
1.10425 -0.707067
1.10301 -0.705687
1.10176 -0.704301
1.10052 -0.702912
1.09927 -0.701517
1.09803 -0.700117
1.09679 -0.698713
1.09556 -0.697303
1.09432 -0.695889
1.09309 -0.69447
1.09185 -0.693046
1.09062 -0.691617
1.08939 -0.690183
1.08817 -0.688745
1.08694 -0.687301
1.08572 -0.685852
1.0845 -0.684399
1.08328 -0.68294
1.08206 -0.681477
1.08085 -0.680008
1.07963 -0.678535
1.07842 -0.677057
1.07721 -0.675573
1.076 -0.674085
1.0748 -0.672591
1.0736 -0.671093
1.0724 -0.669589
1.0712 -0.668081
1.07 -0.666567
1.06881 -0.665048
1.06762 -0.663525
1.06643 -0.661996
1.06524 -0.660462
1.06406 -0.658923
1.06287 -0.657379
1.06169 -0.65583
1.06052 -0.654276
1.05934 -0.652717
1.05817 -0.651153
1.057 -0.649583
1.05583 -0.648009
1.05467 -0.646429
1.05351 -0.644844
1.05235 -0.643255
1.05119 -0.64166
1.05004 -0.64006
1.04889 -0.638455
1.04774 -0.636845
1.04659 -0.635229
1.04545 -0.633609
1.04431 -0.631983
1.04317 -0.630353
1.04204 -0.628717
1.04091 -0.627076
1.03978 -0.62543
1.03866 -0.623779
1.03754 -0.622123
1.03642 -0.620461
