Path for ray(in pc) -12 -12
Points calculated each 200 days for 1000 years.
-4.96596 -7.24875
-4.96481 -7.25124
-4.96366 -7.25374
-4.9625 -7.25626
-4.96134 -7.2588
-4.96017 -7.26135
-4.959 -7.26391
-4.95782 -7.26649
-4.95663 -7.26909
-4.95545 -7.2717
-4.95425 -7.27433
-4.95305 -7.27697
-4.95185 -7.27963
-4.95064 -7.28231
-4.94943 -7.285
-4.94821 -7.28771
-4.94699 -7.29043
-4.94577 -7.29317
-4.94454 -7.29593
-4.9433 -7.2987
-4.94206 -7.30149
-4.94082 -7.3043
-4.93957 -7.30712
-4.93832 -7.30996
-4.93707 -7.31282
-4.93581 -7.31569
-4.93455 -7.31858
-4.93328 -7.32149
-4.93201 -7.32442
-4.93074 -7.32736
-4.92946 -7.33032
-4.92818 -7.3333
-4.9269 -7.3363
-4.92561 -7.33931
-4.92432 -7.34234
-4.92303 -7.34539
-4.92174 -7.34846
-4.92044 -7.35155
-4.91914 -7.35466
-4.91784 -7.35778
-4.91653 -7.36092
-4.91522 -7.36408
-4.91391 -7.36726
-4.9126 -7.37046
-4.91128 -7.37368
-4.90997 -7.37692
-4.90865 -7.38018
-4.90733 -7.38345
-4.90601 -7.38675
-4.90468 -7.39006
-4.90336 -7.3934
-4.90203 -7.39675
-4.90071 -7.40012
-4.89938 -7.40352
-4.89805 -7.40693
-4.89672 -7.41037
-4.89539 -7.41382
-4.89406 -7.4173
-4.89273 -7.42079
-4.8914 -7.42431
-4.89007 -7.42785
-4.88874 -7.4314
-4.88741 -7.43498
-4.88608 -7.43858
-4.88475 -7.4422
-4.88342 -7.44585
-4.88209 -7.44951
-4.88076 -7.4532
-4.87944 -7.4569
-4.87811 -7.46063
-4.87679 -7.46438
-4.87547 -7.46815
-4.87415 -7.47195
-4.87284 -7.47576
-4.87152 -7.4796
-4.87021 -7.48346
-4.8689 -7.48735
-4.8676 -7.49125
-4.86629 -7.49518
-4.865 -7.49913
-4.8637 -7.50311
-4.86241 -7.50711
-4.86112 -7.51113
-4.85984 -7.51517
-4.85856 -7.51924
-4.85728 -7.52333
-4.85601 -7.52744
-4.85475 -7.53158
-4.85349 -7.53574
-4.85223 -7.53992
-4.85098 -7.54413
-4.84974 -7.54836
-4.8485 -7.55262
-4.84727 -7.5569
-4.84605 -7.5612
-4.84483 -7.56553
-4.84362 -7.56988
-4.84242 -7.57426
-4.84123 -7.57866
-4.84004 -7.58309
-4.83886 -7.58754
-4.83769 -7.59202
-4.83653 -7.59652
-4.83538 -7.60104
-4.83424 -7.60559
-4.83311 -7.61017
-4.83199 -7.61477
-4.83087 -7.61939
-4.82977 -7.62404
-4.82868 -7.62872
-4.8276 -7.63342
-4.82654 -7.63815
-4.82548 -7.6429
-4.82444 -7.64767
-4.82341 -7.65248
-4.82239 -7.6573
-4.82138 -7.66216
-4.82039 -7.66704
-4.81941 -7.67194
-4.81845 -7.67687
-4.8175 -7.68183
-4.81657 -7.68681
-4.81565 -7.69181
-4.81475 -7.69685
-4.81386 -7.7019
-4.81299 -7.70699
-4.81214 -7.7121
-4.8113 -7.71723
-4.81048 -7.72239
-4.80968 -7.72758
-4.8089 -7.73279
-4.80813 -7.73802
-4.80739 -7.74329
-4.80666 -7.74857
-4.80596 -7.75389
-4.80528 -7.75922
-4.80461 -7.76459
-4.80397 -7.76998
-4.80335 -7.77539
-4.80275 -7.78083
-4.80217 -7.78629
-4.80162 -7.79178
-4.80109 -7.79729
-4.80059 -7.80283
-4.8001 -7.80839
-4.79965 -7.81398
-4.79922 -7.81959
-4.79881 -7.82522
-4.79843 -7.83088
-4.79808 -7.83656
-4.79775 -7.84227
-4.79746 -7.848
-4.79719 -7.85375
-4.79694 -7.85953
-4.79673 -7.86533
-4.79655 -7.87115
-4.7964 -7.87699
-4.79628 -7.88286
-4.79619 -7.88875
-4.79613 -7.89466
-4.7961 -7.90059
-4.79611 -7.90654
-4.79615 -7.91251
-4.79622 -7.91851
-4.79632 -7.92452
-4.79647 -7.93056
-4.79664 -7.93661
-4.79686 -7.94269
-4.7971 -7.94878
-4.79739 -7.95489
-4.79771 -7.96103
-4.79807 -7.96717
-4.79847 -7.97334
-4.79891 -7.97952
-4.79939 -7.98573
-4.79991 -7.99194
-4.80046 -7.99817
-4.80106 -8.00442
-4.8017 -8.01069
-4.80239 -8.01697
-4.80311 -8.02326
-4.80388 -8.02956
-4.80469 -8.03588
-4.80555 -8.04221
-4.80645 -8.04856
-4.80739 -8.05491
-4.80839 -8.06128
-4.80942 -8.06765
-4.81051 -8.07404
-4.81164 -8.08043
-4.81282 -8.08684
-4.81405 -8.09325
-4.81533 -8.09967
-4.81665 -8.10609
-4.81803 -8.11252
-4.81946 -8.11896
-4.82093 -8.1254
-4.82246 -8.13184
-4.82404 -8.13829
-4.82567 -8.14473
-4.82736 -8.15118
-4.8291 -8.15763
-4.83089 -8.16408
-4.83273 -8.17053
-4.83463 -8.17697
-4.83659 -8.18342
-4.8386 -8.18985
-4.84066 -8.19629
-4.84278 -8.20272
-4.84496 -8.20914
-4.84719 -8.21555
-4.84948 -8.22196
-4.85183 -8.22835
-4.85424 -8.23474
-4.8567 -8.24111
-4.85922 -8.24747
-4.8618 -8.25382
-4.86444 -8.26015
-4.86714 -8.26647
-4.86989 -8.27277
-4.87271 -8.27905
-4.87559 -8.28531
-4.87852 -8.29155
-4.88152 -8.29777
-4.88457 -8.30397
-4.88769 -8.31014
-4.89087 -8.31629
-4.8941 -8.32241
-4.8974 -8.32851
-4.90076 -8.33457
-4.90418 -8.34061
-4.90766 -8.34661
-4.9112 -8.35258
-4.9148 -8.35852
-4.91846 -8.36442
-4.92218 -8.37029
-4.92597 -8.37611
-4.92981 -8.3819
-4.93371 -8.38765
-4.93768 -8.39336
-4.9417 -8.39902
-4.94578 -8.40464
-4.94992 -8.41021
-4.95412 -8.41573
-4.95838 -8.42121
-4.9627 -8.42663
-4.96707 -8.432
-4.97151 -8.43732
-4.976 -8.44259
-4.98055 -8.4478
-4.98515 -8.45295
-4.98981 -8.45804
-4.99452 -8.46307
-4.99929 -8.46804
-5.00411 -8.47295
-5.00899 -8.47779
-5.01392 -8.48257
-5.0189 -8.48727
-5.02394 -8.49191
-5.02902 -8.49648
-5.03415 -8.50098
-5.03934 -8.5054
-5.04457 -8.50975
-5.04985 -8.51402
-5.05517 -8.51822
-5.06054 -8.52233
-5.06596 -8.52636
-5.07142 -8.53032
-5.07692 -8.53419
-5.08246 -8.53797
-5.08805 -8.54167
-5.09367 -8.54528
-5.09933 -8.5488
-5.10503 -8.55224
-5.11077 -8.55558
-5.11654 -8.55882
-5.12234 -8.56198
-5.12818 -8.56504
-5.13405 -8.568
-5.13994 -8.57086
-5.14587 -8.57363
-5.15182 -8.57629
-5.1578 -8.57886
-5.1638 -8.58132
-5.16983 -8.58367
-5.17587 -8.58593
-5.18194 -8.58807
-5.18802 -8.59011
-5.19412 -8.59204
-5.20023 -8.59386
-5.20636 -8.59558
-5.2125 -8.59718
-5.21865 -8.59867
-5.22481 -8.60004
-5.23097 -8.6013
-5.23715 -8.60245
-5.24332 -8.60348
-5.24949 -8.6044
-5.25567 -8.60519
-5.26184 -8.60587
-5.26801 -8.60643
-5.27418 -8.60688
-5.28034 -8.6072
-5.28649 -8.6074
-5.29262 -8.60748
-5.29875 -8.60743
-5.30486 -8.60727
-5.31096 -8.60698
-5.31704 -8.60657
-5.32309 -8.60603
-5.32913 -8.60537
-5.33514 -8.60459
-5.34113 -8.60367
-5.34709 -8.60264
-5.35302 -8.60148
-5.35892 -8.60019
-5.36479 -8.59877
-5.37062 -8.59723
-5.37642 -8.59556
-5.38218 -8.59377
-5.3879 -8.59184
-5.39358 -8.58979
-5.39921 -8.58762
-5.4048 -8.58531
-5.41034 -8.58288
-5.41583 -8.58032
-5.42128 -8.57763
-5.42667 -8.57482
-5.432 -8.57188
-5.43728 -8.56881
-5.44251 -8.56561
-5.44767 -8.56229
-5.45278 -8.55884
-5.45782 -8.55526
-5.46279 -8.55156
-5.46771 -8.54773
-5.47255 -8.54377
-5.47733 -8.53969
-5.48203 -8.53548
-5.48667 -8.53115
-5.49123 -8.5267
-5.49571 -8.52212
-5.50013 -8.51741
-5.50446 -8.51258
-5.50871 -8.50763
-5.51289 -8.50256
-5.51698 -8.49736
-5.52099 -8.49204
-5.52492 -8.4866
-5.52876 -8.48103
-5.53252 -8.47535
-5.53618 -8.46955
-5.53976 -8.46362
-5.54325 -8.45758
-5.54665 -8.45141
-5.54996 -8.44513
-5.55317 -8.43873
-5.5563 -8.43221
-5.55932 -8.42558
-5.56225 -8.41883
-5.56509 -8.41196
-5.56782 -8.40497
-5.57046 -8.39787
-5.573 -8.39065
-5.57545 -8.38332
-5.57779 -8.37588
-5.58003 -8.36832
-5.58217 -8.36065
-5.58421 -8.35286
-5.58614 -8.34496
-5.58797 -8.33695
-5.5897 -8.32883
-5.59133 -8.32059
-5.59285 -8.31224
-5.59427 -8.30378
-5.59558 -8.29521
-5.59679 -8.28653
-5.59789 -8.27774
-5.59889 -8.26884
-5.59978 -8.25983
-5.60057 -8.25071
-5.60125 -8.24148
-5.60182 -8.23214
-5.60229 -8.22269
-5.60266 -8.21313
-5.60291 -8.20346
-5.60307 -8.19368
-5.60312 -8.1838
-5.60306 -8.1738
-5.6029 -8.16369
-5.60264 -8.15348
-5.60227 -8.14315
-5.6018 -8.13272
-5.60122 -8.12218
-5.60055 -8.11152
-5.59977 -8.10076
-5.59889 -8.08988
-5.59791 -8.0789
-5.59683 -8.0678
-5.59565 -8.05659
-5.59437 -8.04527
-5.593 -8.03384
-5.59152 -8.0223
-5.58995 -8.01064
-5.58829 -7.99887
-5.58653 -7.98698
-5.58468 -7.97498
-5.58274 -7.96287
-5.58071 -7.95064
-5.57859 -7.93829
-5.57638 -7.92583
-5.57408 -7.91324
-5.5717 -7.90054
-5.56924 -7.88772
-5.56669 -7.87478
-5.56406 -7.86172
-5.56135 -7.84854
-5.55857 -7.83523
-5.5557 -7.8218
-5.55277 -7.80824
-5.54976 -7.79456
-5.54668 -7.78075
-5.54353 -7.76682
-5.54032 -7.75276
-5.53704 -7.73856
-5.5337 -7.72424
-5.5303 -7.70978
-5.52684 -7.69519
-5.52332 -7.68046
-5.51976 -7.6656
-5.51614 -7.6506
-5.51247 -7.63547
-5.50876 -7.62019
-5.50501 -7.60478
-5.50122 -7.58922
-5.49739 -7.57352
-5.49352 -7.55768
-5.48963 -7.54169
-5.48571 -7.52555
-5.48176 -7.50926
-5.4778 -7.49283
-5.47381 -7.47624
-5.46981 -7.45951
-5.4658 -7.44262
-5.46179 -7.42557
-5.45777 -7.40837
-5.45375 -7.39102
-5.44973 -7.3735
-5.44573 -7.35583
-5.44174 -7.33799
-5.43776 -7.32
-5.43381 -7.30184
-5.42988 -7.28352
-5.42598 -7.26503
-5.42212 -7.24638
-5.41829 -7.22756
-5.41451 -7.20858
-5.41078 -7.18943
-5.40711 -7.17011
-5.40349 -7.15062
-5.39994 -7.13097
-5.39646 -7.11114
-5.39306 -7.09114
-5.38974 -7.07098
-5.3865 -7.05064
-5.38336 -7.03013
-5.38032 -7.00945
-5.37738 -6.9886
-5.37455 -6.96759
-5.37183 -6.9464
-5.36924 -6.92504
-5.36678 -6.90352
-5.36446 -6.88183
-5.36228 -6.85997
-5.36024 -6.83795
-5.35836 -6.81576
-5.35665 -6.79341
-5.3551 -6.7709
-5.35373 -6.74824
-5.35254 -6.72541
-5.35154 -6.70244
-5.35073 -6.67931
-5.35013 -6.65603
-5.34974 -6.63261
-5.34957 -6.60904
-5.34962 -6.58533
-5.3499 -6.56149
-5.35042 -6.53752
-5.35119 -6.51342
-5.35221 -6.48919
-5.35348 -6.46485
-5.35503 -6.44039
-5.35685 -6.41583
-5.35895 -6.39116
-5.36134 -6.36639
-5.36402 -6.34153
-5.367 -6.31659
-5.37029 -6.29156
-5.37389 -6.26647
-5.37781 -6.24131
-5.38206 -6.21609
-5.38664 -6.19082
-5.39156 -6.16551
-5.39682 -6.14016
-5.40242 -6.11479
-5.40839 -6.0894
-5.41471 -6.064
-5.42139 -6.0386
-5.42844 -6.01322
-5.43586 -5.98785
-5.44366 -5.96251
-5.45184 -5.93722
-5.4604 -5.91197
-5.46934 -5.88678
-5.47867 -5.86167
-5.48839 -5.83664
-5.49851 -5.8117
-5.50901 -5.78687
-5.51991 -5.76215
-5.53121 -5.73756
-5.5429 -5.71312
-5.55498 -5.68882
-5.56746 -5.66468
-5.58033 -5.64072
-5.59359 -5.61695
-5.60725 -5.59337
-5.62129 -5.57001
-5.63571 -5.54687
-5.65052 -5.52396
-5.6657 -5.5013
-5.68125 -5.47889
-5.69718 -5.45676
-5.71346 -5.4349
-5.73011 -5.41334
-5.7471 -5.39208
-5.76444 -5.37113
-5.78212 -5.3505
-5.80013 -5.33022
-5.81846 -5.31027
-5.83711 -5.29069
-5.85606 -5.27146
-5.87531 -5.25261
-5.89484 -5.23415
-5.91466 -5.21607
-5.93474 -5.19839
-5.95508 -5.18113
-5.97567 -5.16427
-5.99649 -5.14784
-6.01754 -5.13184
-6.0388 -5.11627
-6.06026 -5.10114
-6.08192 -5.08646
-6.10375 -5.07223
-6.12574 -5.05845
-6.1479 -5.04513
-6.17019 -5.03228
-6.19261 -5.01989
-6.21514 -5.00796
-6.23778 -4.99651
-6.26051 -4.98553
-6.28332 -4.97502
-6.30619 -4.96498
-6.32912 -4.95541
-6.35208 -4.94632
-6.37508 -4.9377
-6.39809 -4.92954
-6.4211 -4.92186
-6.4441 -4.91464
-6.46709 -4.90788
-6.49004 -4.90158
-6.51295 -4.89574
-6.5358 -4.89036
-6.55859 -4.88542
-6.5813 -4.88092
-6.60393 -4.87686
-6.62645 -4.87324
-6.64887 -4.87005
-6.67118 -4.86727
-6.69335 -4.86492
-6.71539 -4.86297
-6.73729 -4.86143
-6.75904 -4.86028
-6.78062 -4.85952
-6.80203 -4.85914
-6.82327 -4.85914
-6.84433 -4.85951
-6.86519 -4.86023
-6.88586 -4.86131
-6.90633 -4.86273
-6.92658 -4.86448
-6.94663 -4.86656
-6.96645 -4.86896
-6.98605 -4.87167
-7.00543 -4.87469
-7.02457 -4.87799
-7.04347 -4.88159
-7.06213 -4.88546
-7.08055 -4.88959
-7.09873 -4.89399
-7.11665 -4.89864
-7.13433 -4.90354
-7.15175 -4.90867
-7.16892 -4.91402
-7.18583 -4.9196
-7.20248 -4.92539
-7.21887 -4.93138
-7.235 -4.93757
-7.25087 -4.94394
-7.26649 -4.9505
-7.28184 -4.95723
-7.29693 -4.96412
-7.31176 -4.97117
-7.32633 -4.97838
-7.34063 -4.98572
-7.35469 -4.99321
-7.36848 -5.00082
-7.38202 -5.00856
-7.3953 -5.01642
-7.40832 -5.02438
-7.4211 -5.03246
-7.43362 -5.04063
-7.4459 -5.04889
-7.45793 -5.05724
-7.46971 -5.06567
-7.48125 -5.07418
-7.49255 -5.08276
-7.50361 -5.09141
-7.51443 -5.10011
-7.52502 -5.10887
-7.53538 -5.11769
-7.54551 -5.12655
-7.55542 -5.13545
-7.5651 -5.14439
-7.57456 -5.15336
-7.58381 -5.16237
-7.59283 -5.17139
-7.60165 -5.18045
-7.61025 -5.18951
-7.61865 -5.1986
-7.62685 -5.20769
-7.63485 -5.2168
-7.64264 -5.22591
-7.65025 -5.23502
-7.65766 -5.24413
-7.66488 -5.25323
-7.67191 -5.26233
-7.67876 -5.27142
-7.68544 -5.2805
-7.69193 -5.28956
-7.69825 -5.29861
-7.7044 -5.30764
-7.71038 -5.31665
-7.71619 -5.32564
-7.72184 -5.3346
-7.72733 -5.34354
-7.73266 -5.35245
-7.73784 -5.36133
-7.74287 -5.37018
-7.74775 -5.37899
-7.75248 -5.38778
-7.75707 -5.39652
-7.76151 -5.40523
-7.76582 -5.4139
-7.76999 -5.42254
-7.77403 -5.43113
-7.77794 -5.43968
-7.78172 -5.44819
-7.78538 -5.45665
-7.78891 -5.46508
-7.79232 -5.47345
-7.79561 -5.48179
-7.79879 -5.49007
-7.80185 -5.49831
-7.8048 -5.5065
-7.80764 -5.51465
-7.81037 -5.52274
-7.813 -5.53079
-7.81553 -5.53878
-7.81795 -5.54673
-7.82028 -5.55463
-7.82251 -5.56247
-7.82464 -5.57027
-7.82668 -5.57801
-7.82864 -5.58571
-7.8305 -5.59335
-7.83227 -5.60094
-7.83396 -5.60848
-7.83557 -5.61596
-7.8371 -5.6234
-7.83854 -5.63078
-7.83991 -5.63811
-7.8412 -5.64539
-7.84242 -5.65262
-7.84356 -5.65979
-7.84463 -5.66692
-7.84564 -5.67399
-7.84657 -5.68101
-7.84743 -5.68797
-7.84824 -5.69489
-7.84897 -5.70175
-7.84965 -5.70857
-7.85026 -5.71533
-7.85081 -5.72204
-7.85131 -5.7287
-7.85174 -5.73531
-7.85212 -5.74187
-7.85245 -5.74838
-7.85272 -5.75483
-7.85294 -5.76124
-7.85311 -5.7676
-7.85323 -5.77391
-7.8533 -5.78017
-7.85333 -5.78639
-7.8533 -5.79255
-7.85323 -5.79867
-7.85312 -5.80473
-7.85296 -5.81075
-7.85277 -5.81673
-7.85252 -5.82265
-7.85224 -5.82853
-7.85192 -5.83436
-7.85156 -5.84015
-7.85117 -5.84589
-7.85073 -5.85159
-7.85026 -5.85724
-7.84976 -5.86284
-7.84922 -5.86841
-7.84865 -5.87392
-7.84804 -5.8794
-7.84741 -5.88483
-7.84674 -5.89021
-7.84604 -5.89556
-7.84531 -5.90086
-7.84456 -5.90612
-7.84377 -5.91134
-7.84296 -5.91651
-7.84212 -5.92165
-7.84126 -5.92675
-7.84037 -5.9318
-7.83945 -5.93681
-7.83851 -5.94179
-7.83755 -5.94672
-7.83656 -5.95162
-7.83555 -5.95648
-7.83452 -5.9613
-7.83347 -5.96608
-7.8324 -5.97082
-7.83131 -5.97553
-7.8302 -5.9802
-7.82906 -5.98483
-7.82791 -5.98943
-7.82675 -5.99399
-7.82556 -5.99852
-7.82436 -6.00301
-7.82314 -6.00746
-7.8219 -6.01188
-7.82065 -6.01627
-7.81938 -6.02062
-7.8181 -6.02494
-7.8168 -6.02922
-7.81549 -6.03347
-7.81416 -6.03769
-7.81282 -6.04188
-7.81147 -6.04603
-7.81011 -6.05016
-7.80873 -6.05425
-7.80734 -6.05831
-7.80594 -6.06233
-7.80453 -6.06633
-7.8031 -6.0703
-7.80167 -6.07424
-7.80023 -6.07815
-7.79877 -6.08202
-7.79731 -6.08587
-7.79583 -6.08969
-7.79435 -6.09349
-7.79286 -6.09725
-7.79136 -6.10099
-7.78985 -6.10469
-7.78834 -6.10837
-7.78681 -6.11203
-7.78528 -6.11565
-7.78374 -6.11925
-7.7822 -6.12283
-7.78064 -6.12637
-7.77908 -6.12989
-7.77752 -6.13339
-7.77595 -6.13686
-7.77437 -6.1403
-7.77279 -6.14372
-7.7712 -6.14712
-7.7696 -6.15049
-7.768 -6.15384
-7.7664 -6.15716
-7.76479 -6.16046
-7.76318 -6.16373
-7.76156 -6.16699
-7.75994 -6.17021
-7.75831 -6.17342
-7.75668 -6.17661
-7.75505 -6.17977
-7.75342 -6.18291
-7.75178 -6.18602
-7.75013 -6.18912
-7.74849 -6.1922
-7.74684 -6.19525
-7.74519 -6.19828
-7.74353 -6.20129
-7.74188 -6.20428
-7.74022 -6.20725
-7.73856 -6.21021
-7.73689 -6.21314
-7.73523 -6.21605
-7.73356 -6.21894
-7.73189 -6.22181
-7.73023 -6.22466
-7.72855 -6.2275
-7.72688 -6.23031
-7.72521 -6.23311
-7.72353 -6.23588
-7.72186 -6.23864
-7.72018 -6.24139
-7.71851 -6.24411
-7.71683 -6.24681
-7.71515 -6.2495
-7.71347 -6.25217
-7.71179 -6.25483
-7.71011 -6.25746
-7.70843 -6.26008
-7.70675 -6.26269
-7.70507 -6.26527
-7.70339 -6.26784
-7.70171 -6.2704
-7.70003 -6.27293
-7.69835 -6.27546
-7.69668 -6.27796
-7.695 -6.28045
-7.69332 -6.28293
-7.69164 -6.28539
-7.68997 -6.28783
-7.68829 -6.29026
-7.68662 -6.29268
-7.68494 -6.29508
-7.68327 -6.29746
-7.6816 -6.29983
-7.67993 -6.30219
-7.67826 -6.30453
-7.67659 -6.30686
-7.67492 -6.30918
-7.67325 -6.31148
-7.67159 -6.31377
-7.66992 -6.31604
-7.66826 -6.3183
-7.6666 -6.32055
-7.66494 -6.32278
-7.66328 -6.32501
-7.66163 -6.32721
-7.65997 -6.32941
-7.65832 -6.33159
-7.65667 -6.33376
-7.65502 -6.33592
-7.65337 -6.33807
-7.65173 -6.3402
-7.65008 -6.34233
-7.64844 -6.34444
-7.6468 -6.34654
-7.64516 -6.34862
-7.64353 -6.3507
-7.64189 -6.35276
-7.64026 -6.35482
-7.63863 -6.35686
-7.637 -6.35889
-7.63538 -6.36091
-7.63375 -6.36292
-7.63213 -6.36492
-7.63051 -6.3669
-7.6289 -6.36888
-7.62728 -6.37085
-7.62567 -6.3728
-7.62406 -6.37475
-7.62246 -6.37669
-7.62085 -6.37861
-7.61925 -6.38053
-7.61765 -6.38243
-7.61605 -6.38433
-7.61446 -6.38621
-7.61287 -6.38809
-7.61128 -6.38996
-7.60969 -6.39181
-7.60811 -6.39366
-7.60652 -6.3955
-7.60495 -6.39733
-7.60337 -6.39915
-7.6018 -6.40096
-7.60022 -6.40277
-7.59866 -6.40456
-7.59709 -6.40635
-7.59553 -6.40812
-7.59397 -6.40989
-7.59241 -6.41165
-7.59085 -6.4134
-7.5893 -6.41514
-7.58775 -6.41688
-7.58621 -6.4186
-7.58466 -6.42032
-7.58312 -6.42203
-7.58158 -6.42373
-7.58005 -6.42543
-7.57852 -6.42711
-7.57699 -6.42879
-7.57546 -6.43046
-7.57394 -6.43212
-7.57241 -6.43378
-7.5709 -6.43543
-7.56938 -6.43707
-7.56787 -6.4387
-7.56636 -6.44033
-7.56485 -6.44195
-7.56335 -6.44356
-7.56185 -6.44516
-7.56035 -6.44676
-7.55886 -6.44835
-7.55736 -6.44993
-7.55587 -6.45151
-7.55439 -6.45308
-7.55291 -6.45464
-7.55143 -6.4562
-7.54995 -6.45775
-7.54847 -6.45929
-7.547 -6.46083
-7.54553 -6.46236
-7.54407 -6.46389
-7.54261 -6.4654
-7.54115 -6.46691
-7.53969 -6.46842
-7.53824 -6.46992
-7.53679 -6.47141
-7.53534 -6.4729
-7.53389 -6.47438
-7.53245 -6.47586
-7.53101 -6.47733
-7.52958 -6.47879
-7.52815 -6.48025
-7.52672 -6.4817
-7.52529 -6.48315
-7.52387 -6.48459
-7.52244 -6.48602
-7.52103 -6.48745
-7.51961 -6.48888
-7.5182 -6.4903
-7.51679 -6.49171
-7.51539 -6.49312
-7.51398 -6.49452
-7.51258 -6.49592
-7.51119 -6.49731
-7.50979 -6.4987
-7.5084 -6.50008
-7.50701 -6.50146
-7.50563 -6.50283
-7.50424 -6.5042
-7.50287 -6.50556
-7.50149 -6.50692
-7.50012 -6.50828
-7.49875 -6.50962
-7.49738 -6.51097
-7.49601 -6.51231
-7.49465 -6.51364
-7.49329 -6.51497
-7.49194 -6.51629
-7.49059 -6.51762
-7.48924 -6.51893
-7.48789 -6.52024
-7.48654 -6.52155
-7.4852 -6.52285
-7.48386 -6.52415
-7.48253 -6.52544
-7.4812 -6.52673
-7.47987 -6.52802
-7.47854 -6.5293
-7.47722 -6.53058
-7.4759 -6.53185
-7.47458 -6.53312
-7.47326 -6.53439
-7.47195 -6.53565
-7.47064 -6.5369
-7.46934 -6.53816
-7.46803 -6.53941
-7.46673 -6.54065
-7.46543 -6.54189
-7.46414 -6.54313
-7.46285 -6.54436
-7.46156 -6.54559
-7.46027 -6.54682
-7.45899 -6.54804
-7.45771 -6.54926
-7.45643 -6.55048
-7.45515 -6.55169
-7.45388 -6.5529
-7.45261 -6.5541
-7.45134 -6.5553
-7.45008 -6.5565
-7.44882 -6.55769
-7.44756 -6.55889
-7.4463 -6.56007
-7.44505 -6.56126
-7.4438 -6.56244
-7.44255 -6.56362
-7.44131 -6.56479
-7.44007 -6.56596
-7.43883 -6.56713
-7.43759 -6.56829
-7.43636 -6.56946
-7.43512 -6.57061
-7.4339 -6.57177
-7.43267 -6.57292
-7.43145 -6.57407
-7.43023 -6.57522
-7.42901 -6.57636
-7.42779 -6.5775
-7.42658 -6.57864
-7.42537 -6.57977
-7.42417 -6.5809
-7.42296 -6.58203
-7.42176 -6.58316
-7.42056 -6.58428
-7.41936 -6.5854
-7.41817 -6.58652
-7.41698 -6.58763
-7.41579 -6.58875
-7.41461 -6.58985
-7.41342 -6.59096
-7.41224 -6.59207
-7.41106 -6.59317
-7.40989 -6.59427
-7.40872 -6.59536
-7.40755 -6.59645
-7.40638 -6.59755
-7.40521 -6.59863
-7.40405 -6.59972
-7.40289 -6.6008
-7.40173 -6.60188
-7.40058 -6.60296
-7.39943 -6.60404
-7.39828 -6.60511
-7.39713 -6.60618
-7.39598 -6.60725
-7.39484 -6.60832
-7.3937 -6.60939
-7.39256 -6.61045
-7.39143 -6.61151
-7.3903 -6.61256
-7.38917 -6.61362
-7.38804 -6.61467
-7.38691 -6.61572
-7.38579 -6.61677
-7.38467 -6.61782
-7.38355 -6.61886
-7.38244 -6.61991
-7.38133 -6.62095
-7.38022 -6.62199
-7.37911 -6.62302
-7.378 -6.62406
-7.3769 -6.62509
-7.3758 -6.62612
-7.3747 -6.62715
-7.37361 -6.62817
-7.37251 -6.6292
-7.37142 -6.63022
-7.37033 -6.63124
-7.36925 -6.63226
-7.36816 -6.63327
-7.36708 -6.63429
-7.366 -6.6353
-7.36492 -6.63631
-7.36385 -6.63732
-7.36278 -6.63833
-7.36171 -6.63933
-7.36064 -6.64034
-7.35958 -6.64134
-7.35851 -6.64234
-7.35745 -6.64334
-7.35639 -6.64433
-7.35534 -6.64533
-7.35428 -6.64632
-7.35323 -6.64731
-7.35218 -6.6483
-7.35114 -6.64929
-7.35009 -6.65028
-7.34905 -6.65126
-7.34801 -6.65225
-7.34697 -6.65323
-7.34593 -6.65421
-7.3449 -6.65519
-7.34387 -6.65616
-7.34284 -6.65714
-7.34181 -6.65811
-7.34079 -6.65909
-7.33977 -6.66006
-7.33875 -6.66103
-7.33773 -6.66199
-7.33671 -6.66296
-7.3357 -6.66393
-7.33469 -6.66489
-7.33368 -6.66585
-7.33267 -6.66681
-7.33166 -6.66777
-7.33066 -6.66873
-7.32966 -6.66969
-7.32866 -6.67064
-7.32766 -6.6716
-7.32667 -6.67255
-7.32568 -6.6735
-7.32469 -6.67445
-7.3237 -6.6754
-7.32271 -6.67635
-7.32173 -6.6773
-7.32075 -6.67824
-7.31977 -6.67918
-7.31879 -6.68013
-7.31781 -6.68107
-7.31684 -6.68201
-7.31587 -6.68295
-7.3149 -6.68388
-7.31393 -6.68482
-7.31296 -6.68576
-7.312 -6.68669
-7.31104 -6.68762
-7.31008 -6.68856
-7.30912 -6.68949
-7.30817 -6.69042
-7.30721 -6.69135
-7.30626 -6.69227
-7.30531 -6.6932
-7.30436 -6.69412
-7.30342 -6.69505
-7.30248 -6.69597
-7.30153 -6.69689
-7.30059 -6.69782
-7.29966 -6.69874
-7.29872 -6.69965
-7.29779 -6.70057
-7.29685 -6.70149
-7.29593 -6.70241
-7.295 -6.70332
-7.29407 -6.70424
-7.29315 -6.70515
-7.29222 -6.70606
-7.2913 -6.70697
-7.29039 -6.70788
-7.28947 -6.70879
-7.28856 -6.7097
-7.28764 -6.71061
-7.28673 -6.71152
-7.28582 -6.71242
-7.28492 -6.71333
-7.28401 -6.71423
-7.28311 -6.71513
-7.28221 -6.71604
-7.28131 -6.71694
-7.28041 -6.71784
-7.27951 -6.71874
-7.27862 -6.71964
-7.27773 -6.72054
-7.27684 -6.72143
-7.27595 -6.72233
-7.27506 -6.72323
-7.27417 -6.72412
-7.27329 -6.72502
-7.27241 -6.72591
-7.27153 -6.7268
-7.27065 -6.72769
-7.26978 -6.72859
-7.2689 -6.72948
-7.26803 -6.73037
-7.26716 -6.73126
-7.26629 -6.73214
-7.26542 -6.73303
-7.26456 -6.73392
-7.26369 -6.73481
-7.26283 -6.73569
-7.26197 -6.73658
-7.26111 -6.73746
-7.26026 -6.73835
-7.2594 -6.73923
-7.25855 -6.74011
-7.2577 -6.74099
-7.25685 -6.74187
-7.256 -6.74275
-7.25515 -6.74363
-7.25431 -6.74451
-7.25346 -6.74539
-7.25262 -6.74627
-7.25178 -6.74715
-7.25095 -6.74803
-7.25011 -6.7489
-7.24927 -6.74978
-7.24844 -6.75065
-7.24761 -6.75153
-7.24678 -6.7524
-7.24595 -6.75328
-7.24513 -6.75415
-7.2443 -6.75502
-7.24348 -6.7559
-7.24266 -6.75677
-7.24184 -6.75764
-7.24102 -6.75851
-7.2402 -6.75938
-7.23939 -6.76025
-7.23857 -6.76112
-7.23776 -6.76199
-7.23695 -6.76285
-7.23614 -6.76372
-7.23534 -6.76459
-7.23453 -6.76546
-7.23373 -6.76632
-7.23293 -6.76719
-7.23212 -6.76806
-7.23133 -6.76892
-7.23053 -6.76979
-7.22973 -6.77065
-7.22894 -6.77151
-7.22815 -6.77238
-7.22735 -6.77324
-7.22656 -6.7741
-7.22578 -6.77496
-7.22499 -6.77583
-7.2242 -6.77669
-7.22342 -6.77755
-7.22264 -6.77841
-7.22186 -6.77927
-7.22108 -6.78013
-7.2203 -6.78099
-7.21953 -6.78185
-7.21875 -6.78271
-7.21798 -6.78357
-7.21721 -6.78443
-7.21644 -6.78528
-7.21567 -6.78614
-7.2149 -6.787
-7.21414 -6.78786
-7.21337 -6.78871
-7.21261 -6.78957
-7.21185 -6.79043
-7.21109 -6.79128
-7.21033 -6.79214
-7.20957 -6.79299
-7.20882 -6.79385
-7.20806 -6.7947
-7.20731 -6.79556
-7.20656 -6.79641
-7.20581 -6.79727
-7.20506 -6.79812
-7.20432 -6.79897
-7.20357 -6.79983
-7.20283 -6.80068
-7.20208 -6.80153
-7.20134 -6.80239
-7.2006 -6.80324
-7.19987 -6.80409
-7.19913 -6.80494
-7.19839 -6.8058
-7.19766 -6.80665
-7.19693 -6.8075
-7.1962 -6.80835
-7.19547 -6.8092
-7.19474 -6.81005
-7.19401 -6.8109
-7.19328 -6.81175
-7.19256 -6.8126
-7.19184 -6.81345
-7.19111 -6.8143
-7.19039 -6.81515
-7.18968 -6.816
-7.18896 -6.81685
-7.18824 -6.8177
-7.18753 -6.81855
-7.18681 -6.8194
-7.1861 -6.82025
-7.18539 -6.8211
-7.18468 -6.82195
-7.18397 -6.82279
-7.18327 -6.82364
-7.18256 -6.82449
-7.18186 -6.82534
-7.18115 -6.82619
-7.18045 -6.82704
-7.17975 -6.82788
-7.17905 -6.82873
-7.17835 -6.82958
-7.17766 -6.83043
-7.17696 -6.83128
-7.17627 -6.83212
-7.17558 -6.83297
-7.17488 -6.83382
-7.17419 -6.83466
-7.1735 -6.83551
-7.17282 -6.83636
-7.17213 -6.83721
-7.17145 -6.83805
-7.17076 -6.8389
-7.17008 -6.83975
-7.1694 -6.84059
-7.16872 -6.84144
-7.16804 -6.84229
-7.16736 -6.84314
-7.16669 -6.84398
-7.16601 -6.84483
-7.16534 -6.84568
-7.16466 -6.84652
-7.16399 -6.84737
-7.16332 -6.84822
-7.16265 -6.84906
-7.16199 -6.84991
-7.16132 -6.85076
-7.16065 -6.8516
-7.15999 -6.85245
-7.15933 -6.8533
-7.15867 -6.85414
-7.158 -6.85499
-7.15735 -6.85584
-7.15669 -6.85668
-7.15603 -6.85753
-7.15537 -6.85838
-7.15472 -6.85922
-7.15407 -6.86007
-7.15341 -6.86092
-7.15276 -6.86177
-7.15211 -6.86261
-7.15146 -6.86346
-7.15082 -6.86431
-7.15017 -6.86516
-7.14953 -6.866
-7.14888 -6.86685
-7.14824 -6.8677
-7.1476 -6.86855
-7.14696 -6.86939
-7.14632 -6.87024
-7.14568 -6.87109
-7.14504 -6.87194
-7.1444 -6.87279
-7.14377 -6.87363
-7.14314 -6.87448
-7.1425 -6.87533
-7.14187 -6.87618
-7.14124 -6.87703
-7.14061 -6.87788
-7.13998 -6.87872
-7.13936 -6.87957
-7.13873 -6.88042
-7.1381 -6.88127
-7.13748 -6.88212
-7.13686 -6.88297
-7.13624 -6.88382
-7.13562 -6.88467
-7.135 -6.88552
-7.13438 -6.88637
-7.13376 -6.88722
-7.13314 -6.88807
-7.13253 -6.88892
-7.13191 -6.88977
-7.1313 -6.89062
-7.13069 -6.89147
-7.13008 -6.89232
-7.12947 -6.89318
-7.12886 -6.89403
-7.12825 -6.89488
-7.12765 -6.89573
-7.12704 -6.89658
-7.12644 -6.89743
-7.12583 -6.89829
-7.12523 -6.89914
-7.12463 -6.89999
-7.12403 -6.90084
-7.12343 -6.9017
-7.12283 -6.90255
-7.12223 -6.9034
-7.12164 -6.90426
-7.12104 -6.90511
-7.12045 -6.90597
-7.11985 -6.90682
-7.11926 -6.90768
-7.11867 -6.90853
-7.11808 -6.90939
-7.11749 -6.91024
-7.1169 -6.9111
-7.11631 -6.91195
-7.11573 -6.91281
-7.11514 -6.91366
-7.11456 -6.91452
-7.11397 -6.91538
-7.11339 -6.91623
-7.11281 -6.91709
-7.11223 -6.91795
-7.11165 -6.91881
-7.11107 -6.91966
-7.1105 -6.92052
-7.10992 -6.92138
-7.10934 -6.92224
-7.10877 -6.9231
-7.1082 -6.92396
-7.10762 -6.92482
-7.10705 -6.92568
-7.10648 -6.92654
-7.10591 -6.9274
-7.10534 -6.92826
-7.10477 -6.92912
-7.10421 -6.92998
-7.10364 -6.93084
-7.10308 -6.93171
-7.10251 -6.93257
-7.10195 -6.93343
-7.10139 -6.93429
-7.10083 -6.93516
-7.10027 -6.93602
-7.09971 -6.93688
-7.09915 -6.93775
-7.09859 -6.93861
-7.09803 -6.93948
-7.09748 -6.94034
-7.09692 -6.94121
-7.09637 -6.94207
-7.09582 -6.94294
-7.09527 -6.94381
-7.09471 -6.94467
-7.09416 -6.94554
-7.09362 -6.94641
-7.09307 -6.94727
-7.09252 -6.94814
-7.09197 -6.94901
-7.09143 -6.94988
-7.09088 -6.95075
-7.09034 -6.95162
-7.08979 -6.95249
-7.08925 -6.95336
-7.08871 -6.95423
-7.08817 -6.9551
-7.08763 -6.95597
-7.08709 -6.95684
-7.08656 -6.95772
-7.08602 -6.95859
-7.08548 -6.95946
-7.08495 -6.96034
-7.08441 -6.96121
-7.08388 -6.96208
-7.08335 -6.96296
-7.08281 -6.96383
-7.08228 -6.96471
-7.08175 -6.96559
-7.08122 -6.96646
-7.0807 -6.96734
-7.08017 -6.96822
-7.07964 -6.96909
-7.07912 -6.96997
-7.07859 -6.97085
-7.07807 -6.97173
-7.07754 -6.97261
-7.07702 -6.97349
-7.0765 -6.97437
-7.07598 -6.97525
-7.07546 -6.97613
-7.07494 -6.97701
-7.07442 -6.97789
-7.0739 -6.97878
-7.07339 -6.97966
-7.07287 -6.98054
-7.07236 -6.98143
-7.07184 -6.98231
-7.07133 -6.9832
-7.07081 -6.98408
-7.0703 -6.98497
-7.06979 -6.98585
-7.06928 -6.98674
-7.06877 -6.98763
-7.06826 -6.98852
-7.06775 -6.9894
-7.06725 -6.99029
-7.06674 -6.99118
-7.06624 -6.99207
-7.06573 -6.99296
-7.06523 -6.99385
-7.06472 -6.99475
-7.06422 -6.99564
-7.06372 -6.99653
-7.06322 -6.99742
-7.06272 -6.99832
-7.06222 -6.99921
-7.06172 -7.0001
-7.06122 -7.001
-7.06073 -7.00189
-7.06023 -7.00279
-7.05973 -7.00369
-7.05924 -7.00458
-7.05874 -7.00548
-7.05825 -7.00638
-7.05776 -7.00728
-7.05727 -7.00818
-7.05678 -7.00908
-7.05629 -7.00998
-7.0558 -7.01088
-7.05531 -7.01178
-7.05482 -7.01269
-7.05433 -7.01359
-7.05385 -7.01449
-7.05336 -7.0154
-7.05287 -7.0163
-7.05239 -7.01721
-7.05191 -7.01811
-7.05142 -7.01902
-7.05094 -7.01992
-7.05046 -7.02083
-7.04998 -7.02174
-7.0495 -7.02265
-7.04902 -7.02356
-7.04854 -7.02447
-7.04806 -7.02538
-7.04759 -7.02629
-7.04711 -7.0272
-7.04663 -7.02812
-7.04616 -7.02903
-7.04568 -7.02994
-7.04521 -7.03086
-7.04474 -7.03177
-7.04426 -7.03269
-7.04379 -7.03361
-7.04332 -7.03452
-7.04285 -7.03544
-7.04238 -7.03636
-7.04191 -7.03728
-7.04145 -7.0382
-7.04098 -7.03912
-7.04051 -7.04004
-7.04004 -7.04096
-7.03958 -7.04189
-7.03911 -7.04281
-7.03865 -7.04373
-7.03819 -7.04466
-7.03772 -7.04558
-7.03726 -7.04651
-7.0368 -7.04744
-7.03634 -7.04836
-7.03588 -7.04929
-7.03542 -7.05022
-7.03496 -7.05115
-7.0345 -7.05208
-7.03405 -7.05301
-7.03359 -7.05394
-7.03313 -7.05488
-7.03268 -7.05581
-7.03222 -7.05675
-7.03177 -7.05768
-7.03132 -7.05862
-7.03086 -7.05955
-7.03041 -7.06049
-7.02996 -7.06143
-7.02951 -7.06237
-7.02906 -7.06331
-7.02861 -7.06425
-7.02816 -7.06519
-7.02771 -7.06613
-7.02726 -7.06707
-7.02682 -7.06802
-7.02637 -7.06896
-7.02592 -7.06991
-7.02548 -7.07085
-7.02503 -7.0718
-7.02459 -7.07275
-7.02415 -7.07369
-7.0237 -7.07464
-7.02326 -7.07559
-7.02282 -7.07654
-7.02238 -7.0775
-7.02194 -7.07845
-7.0215 -7.0794
-7.02106 -7.08036
-7.02062 -7.08131
-7.02018 -7.08227
-7.01975 -7.08322
-7.01931 -7.08418
-7.01887 -7.08514
-7.01844 -7.0861
-7.018 -7.08706
-7.01757 -7.08802
-7.01714 -7.08898
-7.0167 -7.08995
-7.01627 -7.09091
-7.01584 -7.09187
-7.01541 -7.09284
-7.01498 -7.09381
-7.01455 -7.09477
-7.01412 -7.09574
-7.01369 -7.09671
-7.01326 -7.09768
-7.01283 -7.09865
-7.0124 -7.09963
-7.01198 -7.1006
-7.01155 -7.10157
-7.01113 -7.10255
-7.0107 -7.10352
-7.01028 -7.1045
-7.00985 -7.10548
-7.00943 -7.10646
-7.00901 -7.10744
-7.00859 -7.10842
-7.00817 -7.1094
-7.00774 -7.11038
-7.00732 -7.11137
-7.0069 -7.11235
-7.00649 -7.11334
-7.00607 -7.11433
-7.00565 -7.11531
-7.00523 -7.1163
-7.00481 -7.11729
-7.0044 -7.11828
-7.00398 -7.11927
-7.00357 -7.12027
-7.00315 -7.12126
-7.00274 -7.12226
-7.00232 -7.12325
-7.00191 -7.12425
-7.0015 -7.12525
-7.00109 -7.12625
-7.00068 -7.12725
-7.00026 -7.12825
-6.99985 -7.12925
-6.99944 -7.13026
-6.99903 -7.13126
-6.99863 -7.13227
-6.99822 -7.13327
-6.99781 -7.13428
-6.9974 -7.13529
-6.997 -7.1363
-6.99659 -7.13731
-6.99619 -7.13833
-6.99578 -7.13934
-6.99538 -7.14035
-6.99497 -7.14137
-6.99457 -7.14239
-6.99417 -7.14341
-6.99376 -7.14443
-6.99336 -7.14545
-6.99296 -7.14647
-6.99256 -7.14749
-6.99216 -7.14852
-6.99176 -7.14954
-6.99136 -7.15057
-6.99096 -7.1516
-6.99056 -7.15262
-6.99017 -7.15365
-6.98977 -7.15469
-6.98937 -7.15572
-6.98898 -7.15675
-6.98858 -7.15779
-6.98818 -7.15882
-6.98779 -7.15986
-6.9874 -7.1609
-6.987 -7.16194
-6.98661 -7.16298
-6.98622 -7.16403
-6.98582 -7.16507
-6.98543 -7.16612
-6.98504 -7.16716
-6.98465 -7.16821
-6.98426 -7.16926
-6.98387 -7.17031
-6.98348 -7.17136
-6.98309 -7.17242
-6.98271 -7.17347
-6.98232 -7.17453
-6.98193 -7.17558
-6.98154 -7.17664
-6.98116 -7.1777
-6.98077 -7.17876
-6.98039 -7.17983
-6.98 -7.18089
-6.97962 -7.18195
-6.97924 -7.18302
-6.97885 -7.18409
-6.97847 -7.18516
-6.97809 -7.18623
-6.97771 -7.1873
-6.97732 -7.18838
-6.97694 -7.18945
-6.97656 -7.19053
-6.97618 -7.19161
-6.97581 -7.19269
-6.97543 -7.19377
-6.97505 -7.19485
-6.97467 -7.19593
-6.97429 -7.19702
-6.97392 -7.19811
-6.97354 -7.1992
-6.97316 -7.20029
-6.97279 -7.20138
-6.97241 -7.20247
-6.97204 -7.20356
-6.97167 -7.20466
-6.97129 -7.20576
-6.97092 -7.20686
-6.97055 -7.20796
-6.97017 -7.20906
-6.9698 -7.21016
-6.96943 -7.21127
-6.96906 -7.21238
-6.96869 -7.21349
-6.96832 -7.2146
-6.96795 -7.21571
-6.96758 -7.21682
-6.96721 -7.21794
-6.96685 -7.21905
-6.96648 -7.22017
-6.96611 -7.22129
-6.96575 -7.22241
-6.96538 -7.22354
-6.96502 -7.22466
-6.96465 -7.22579
-6.96429 -7.22691
-6.96392 -7.22804
-6.96356 -7.22918
-6.9632 -7.23031
-6.96283 -7.23144
-6.96247 -7.23258
-6.96211 -7.23372
-6.96175 -7.23486
-6.96139 -7.236
-6.96103 -7.23715
-6.96067 -7.23829
-6.96031 -7.23944
-6.95995 -7.24059
-6.95959 -7.24174
-6.95923 -7.24289
-6.95888 -7.24404
-6.95852 -7.2452
-6.95816 -7.24636
-6.95781 -7.24752
-6.95745 -7.24868
-6.9571 -7.24984
-6.95674 -7.25101
-6.95639 -7.25218
-6.95603 -7.25334
-6.95568 -7.25452
-6.95533 -7.25569
-6.95498 -7.25686
-6.95462 -7.25804
-6.95427 -7.25922
-6.95392 -7.2604
-6.95357 -7.26158
-6.95322 -7.26276
-6.95287 -7.26395
-6.95252 -7.26514
-6.95218 -7.26633
-6.95183 -7.26752
-6.95148 -7.26872
-6.95113 -7.26991
-6.95079 -7.27111
-6.95044 -7.27231
-6.95009 -7.27351
-6.94975 -7.27472
-6.94941 -7.27592
-6.94906 -7.27713
-6.94872 -7.27834
-6.94837 -7.27955
-6.94803 -7.28077
-6.94769 -7.28198
-6.94735 -7.2832
-6.94701 -7.28442
-6.94667 -7.28565
-6.94633 -7.28687
-6.94599 -7.2881
-6.94565 -7.28933
-6.94531 -7.29056
-6.94497 -7.29179
-6.94463 -7.29303
-6.94429 -7.29427
-6.94396 -7.29551
-6.94362 -7.29675
-6.94329 -7.29799
-6.94295 -7.29924
-6.94262 -7.30049
-6.94228 -7.30174
-6.94195 -7.30299
-6.94161 -7.30425
-6.94128 -7.30551
-6.94095 -7.30677
-6.94062 -7.30803
-6.94029 -7.3093
-6.93995 -7.31056
-6.93962 -7.31183
-6.93929 -7.3131
-6.93896 -7.31438
-6.93864 -7.31565
-6.93831 -7.31693
-6.93798 -7.31822
-6.93765 -7.3195
-6.93733 -7.32079
-6.937 -7.32207
-6.93667 -7.32336
-6.93635 -7.32466
-6.93602 -7.32595
-6.9357 -7.32725
-6.93538 -7.32855
-6.93505 -7.32986
-6.93473 -7.33116
-6.93441 -7.33247
-6.93409 -7.33378
-6.93377 -7.3351
-6.93345 -7.33641
-6.93313 -7.33773
-6.93281 -7.33905
-6.93249 -7.34037
-6.93217 -7.3417
-6.93185 -7.34303
-6.93154 -7.34436
-6.93122 -7.34569
-6.9309 -7.34703
-6.93059 -7.34837
-6.93027 -7.34971
-6.92996 -7.35106
-6.92964 -7.3524
-6.92933 -7.35375
-6.92902 -7.35511
-6.92871 -7.35646
-6.9284 -7.35782
-6.92808 -7.35918
-6.92777 -7.36055
-6.92746 -7.36191
