Path for ray(in pc) -7 -6
Points calculated each 200 days for 1000 years.
-1.62552 -4.48783
-1.62547 -4.48865
-1.62541 -4.48948
-1.62536 -4.4903
-1.62531 -4.49112
-1.62525 -4.49194
-1.6252 -4.49276
-1.62515 -4.49357
-1.6251 -4.49439
-1.62505 -4.4952
-1.625 -4.49602
-1.62495 -4.49683
-1.62491 -4.49764
-1.62486 -4.49844
-1.62481 -4.49925
-1.62477 -4.50006
-1.62472 -4.50086
-1.62468 -4.50166
-1.62464 -4.50246
-1.62459 -4.50326
-1.62455 -4.50406
-1.62451 -4.50486
-1.62447 -4.50565
-1.62443 -4.50644
-1.62439 -4.50724
-1.62435 -4.50803
-1.62432 -4.50881
-1.62428 -4.5096
-1.62424 -4.51039
-1.62421 -4.51117
-1.62418 -4.51196
-1.62414 -4.51274
-1.62411 -4.51352
-1.62408 -4.5143
-1.62405 -4.51507
-1.62402 -4.51585
-1.62399 -4.51662
-1.62396 -4.51739
-1.62394 -4.51816
-1.62391 -4.51893
-1.62389 -4.5197
-1.62386 -4.52047
-1.62384 -4.52123
-1.62382 -4.52199
-1.6238 -4.52275
-1.62378 -4.52351
-1.62376 -4.52427
-1.62374 -4.52503
-1.62373 -4.52578
-1.62371 -4.52654
-1.6237 -4.52729
-1.62369 -4.52804
-1.62367 -4.52878
-1.62366 -4.52953
-1.62365 -4.53028
-1.62364 -4.53102
-1.62364 -4.53176
-1.62363 -4.5325
-1.62363 -4.53324
-1.62362 -4.53397
-1.62362 -4.53471
-1.62362 -4.53544
-1.62362 -4.53617
-1.62362 -4.5369
-1.62362 -4.53762
-1.62363 -4.53835
-1.62363 -4.53907
-1.62364 -4.53979
-1.62365 -4.54051
-1.62366 -4.54123
-1.62367 -4.54194
-1.62368 -4.54266
-1.62369 -4.54337
-1.62371 -4.54408
-1.62372 -4.54478
-1.62374 -4.54549
-1.62376 -4.54619
-1.62378 -4.54689
-1.6238 -4.54759
-1.62382 -4.54829
-1.62385 -4.54899
-1.62388 -4.54968
-1.6239 -4.55037
-1.62393 -4.55106
-1.62396 -4.55175
-1.624 -4.55243
-1.62403 -4.55311
-1.62407 -4.55379
-1.6241 -4.55447
-1.62414 -4.55515
-1.62418 -4.55582
-1.62423 -4.55649
-1.62427 -4.55716
-1.62432 -4.55782
-1.62436 -4.55849
-1.62441 -4.55915
-1.62446 -4.55981
-1.62452 -4.56046
-1.62457 -4.56112
-1.62463 -4.56177
-1.62468 -4.56242
-1.62474 -4.56307
-1.62481 -4.56371
-1.62487 -4.56435
-1.62493 -4.56499
-1.625 -4.56563
-1.62507 -4.56626
-1.62514 -4.56689
-1.62522 -4.56752
-1.62529 -4.56814
-1.62537 -4.56877
-1.62545 -4.56939
-1.62553 -4.57
-1.62561 -4.57062
-1.62569 -4.57123
-1.62578 -4.57184
-1.62587 -4.57245
-1.62596 -4.57305
-1.62605 -4.57365
-1.62615 -4.57424
-1.62625 -4.57484
-1.62635 -4.57543
-1.62645 -4.57602
-1.62655 -4.5766
-1.62666 -4.57718
-1.62676 -4.57776
-1.62688 -4.57834
-1.62699 -4.57891
-1.6271 -4.57948
-1.62722 -4.58004
-1.62734 -4.58061
-1.62746 -4.58116
-1.62758 -4.58172
-1.62771 -4.58227
-1.62784 -4.58282
-1.62797 -4.58337
-1.6281 -4.58391
-1.62824 -4.58445
-1.62838 -4.58498
-1.62852 -4.58551
-1.62866 -4.58604
-1.62881 -4.58656
-1.62896 -4.58708
-1.62911 -4.5876
-1.62926 -4.58811
-1.62941 -4.58862
-1.62957 -4.58912
-1.62973 -4.58962
-1.6299 -4.59012
-1.63006 -4.59061
-1.63023 -4.5911
-1.6304 -4.59159
-1.63058 -4.59207
-1.63075 -4.59255
-1.63093 -4.59302
-1.63112 -4.59349
-1.6313 -4.59395
-1.63149 -4.59441
-1.63168 -4.59487
-1.63187 -4.59532
-1.63207 -4.59576
-1.63227 -4.59621
-1.63247 -4.59665
-1.63267 -4.59708
-1.63288 -4.59751
-1.63309 -4.59793
-1.6333 -4.59835
-1.63352 -4.59877
-1.63374 -4.59918
-1.63396 -4.59958
-1.63419 -4.59998
-1.63441 -4.60038
-1.63465 -4.60077
-1.63488 -4.60116
-1.63512 -4.60154
-1.63536 -4.60192
-1.6356 -4.60229
-1.63585 -4.60265
-1.6361 -4.60301
-1.63635 -4.60337
-1.63661 -4.60372
-1.63687 -4.60407
-1.63713 -4.60441
-1.6374 -4.60474
-1.63767 -4.60507
-1.63794 -4.60539
-1.63821 -4.60571
-1.63849 -4.60602
-1.63878 -4.60633
-1.63906 -4.60663
-1.63935 -4.60693
-1.63964 -4.60722
-1.63994 -4.6075
-1.64024 -4.60778
-1.64054 -4.60805
-1.64085 -4.60832
-1.64116 -4.60858
-1.64147 -4.60883
-1.64179 -4.60908
-1.64211 -4.60932
-1.64244 -4.60955
-1.64277 -4.60978
-1.6431 -4.61001
-1.64343 -4.61022
-1.64377 -4.61043
-1.64412 -4.61064
-1.64446 -4.61083
-1.64481 -4.61102
-1.64517 -4.61121
-1.64553 -4.61138
-1.64589 -4.61155
-1.64625 -4.61172
-1.64662 -4.61187
-1.647 -4.61202
-1.64737 -4.61216
-1.64776 -4.6123
-1.64814 -4.61243
-1.64853 -4.61255
-1.64892 -4.61266
-1.64932 -4.61277
-1.64972 -4.61287
-1.65013 -4.61296
-1.65054 -4.61304
-1.65095 -4.61312
-1.65137 -4.61319
-1.65179 -4.61325
-1.65222 -4.6133
-1.65265 -4.61335
-1.65309 -4.61338
-1.65353 -4.61341
-1.65397 -4.61344
-1.65442 -4.61345
-1.65487 -4.61345
-1.65533 -4.61345
-1.65579 -4.61344
-1.65625 -4.61342
-1.65672 -4.61339
-1.6572 -4.61336
-1.65768 -4.61331
-1.65816 -4.61326
-1.65865 -4.6132
-1.65914 -4.61313
-1.65964 -4.61305
-1.66014 -4.61296
-1.66065 -4.61286
-1.66116 -4.61276
-1.66167 -4.61264
-1.66219 -4.61252
-1.66272 -4.61239
-1.66325 -4.61224
-1.66378 -4.61209
-1.66432 -4.61193
-1.66487 -4.61176
-1.66542 -4.61158
-1.66597 -4.61139
-1.66653 -4.61119
-1.6671 -4.61098
-1.66767 -4.61076
-1.66824 -4.61053
-1.66882 -4.6103
-1.66941 -4.61005
-1.67 -4.60979
-1.67059 -4.60952
-1.6712 -4.60924
-1.6718 -4.60895
-1.67241 -4.60865
-1.67303 -4.60834
-1.67365 -4.60802
-1.67428 -4.60769
-1.67491 -4.60734
-1.67555 -4.60699
-1.67619 -4.60663
-1.67684 -4.60625
-1.6775 -4.60587
-1.67816 -4.60547
-1.67882 -4.60506
-1.67949 -4.60464
-1.68017 -4.60421
-1.68085 -4.60377
-1.68154 -4.60332
-1.68224 -4.60285
-1.68294 -4.60237
-1.68364 -4.60189
-1.68435 -4.60139
-1.68507 -4.60087
-1.6858 -4.60035
-1.68652 -4.59981
-1.68726 -4.59927
-1.688 -4.59871
-1.68875 -4.59813
-1.6895 -4.59755
-1.69026 -4.59695
-1.69103 -4.59634
-1.6918 -4.59572
-1.69258 -4.59508
-1.69337 -4.59444
-1.69416 -4.59378
-1.69496 -4.5931
-1.69576 -4.59242
-1.69657 -4.59172
-1.69739 -4.59101
-1.69822 -4.59028
-1.69905 -4.58954
-1.69988 -4.58879
-1.70073 -4.58802
-1.70158 -4.58724
-1.70244 -4.58645
-1.7033 -4.58565
-1.70417 -4.58482
-1.70505 -4.58399
-1.70594 -4.58314
-1.70683 -4.58228
-1.70773 -4.5814
-1.70864 -4.58051
-1.70955 -4.57961
-1.71047 -4.57869
-1.7114 -4.57776
-1.71234 -4.57681
-1.71328 -4.57585
-1.71423 -4.57487
-1.71519 -4.57388
-1.71615 -4.57287
-1.71713 -4.57185
-1.71811 -4.57081
-1.7191 -4.56976
-1.72009 -4.56869
-1.7211 -4.56761
-1.72211 -4.56651
-1.72313 -4.5654
-1.72415 -4.56427
-1.72519 -4.56313
-1.72623 -4.56197
-1.72729 -4.56079
-1.72835 -4.5596
-1.72941 -4.55839
-1.73049 -4.55717
-1.73158 -4.55593
-1.73267 -4.55467
-1.73377 -4.5534
-1.73488 -4.55211
-1.736 -4.55081
-1.73713 -4.54949
-1.73826 -4.54815
-1.73941 -4.54679
-1.74056 -4.54542
-1.74173 -4.54404
-1.7429 -4.54263
-1.74408 -4.54121
-1.74527 -4.53977
-1.74647 -4.53832
-1.74768 -4.53684
-1.7489 -4.53535
-1.75012 -4.53385
-1.75136 -4.53232
-1.75261 -4.53078
-1.75386 -4.52922
-1.75513 -4.52764
-1.75641 -4.52605
-1.75769 -4.52443
-1.75899 -4.5228
-1.76029 -4.52115
-1.76161 -4.51949
-1.76293 -4.5178
-1.76427 -4.5161
-1.76562 -4.51438
-1.76697 -4.51264
-1.76834 -4.51088
-1.76972 -4.50911
-1.77111 -4.50731
-1.77251 -4.5055
-1.77392 -4.50367
-1.77534 -4.50182
-1.77677 -4.49995
-1.77821 -4.49806
-1.77967 -4.49616
-1.78113 -4.49423
-1.78261 -4.49229
-1.7841 -4.49032
-1.7856 -4.48834
-1.78711 -4.48634
-1.78863 -4.48432
-1.79017 -4.48228
-1.79171 -4.48022
-1.79327 -4.47814
-1.79484 -4.47604
-1.79643 -4.47393
-1.79802 -4.47179
-1.79963 -4.46963
-1.80125 -4.46746
-1.80289 -4.46526
-1.80453 -4.46304
-1.80619 -4.46081
-1.80786 -4.45855
-1.80955 -4.45628
-1.81125 -4.45399
-1.81296 -4.45167
-1.81468 -4.44934
-1.81642 -4.44698
-1.81817 -4.44461
-1.81994 -4.44221
-1.82172 -4.4398
-1.82351 -4.43737
-1.82532 -4.43491
-1.82714 -4.43244
-1.82898 -4.42994
-1.83083 -4.42743
-1.83269 -4.42489
-1.83457 -4.42234
-1.83647 -4.41976
-1.83837 -4.41716
-1.8403 -4.41455
-1.84224 -4.41191
-1.84419 -4.40926
-1.84616 -4.40658
-1.84815 -4.40388
-1.85015 -4.40116
-1.85217 -4.39843
-1.8542 -4.39567
-1.85625 -4.39289
-1.85832 -4.39009
-1.8604 -4.38727
-1.8625 -4.38443
-1.86461 -4.38157
-1.86674 -4.37869
-1.86889 -4.37579
-1.87106 -4.37287
-1.87324 -4.36993
-1.87544 -4.36697
-1.87766 -4.36399
-1.87989 -4.36099
-1.88215 -4.35797
-1.88442 -4.35493
-1.88671 -4.35187
-1.88901 -4.34879
-1.89134 -4.34569
-1.89368 -4.34257
-1.89604 -4.33943
-1.89842 -4.33626
-1.90082 -4.33308
-1.90324 -4.32989
-1.90568 -4.32667
-1.90814 -4.32343
-1.91062 -4.32017
-1.91311 -4.31689
-1.91563 -4.31359
-1.91817 -4.31028
-1.92072 -4.30694
-1.9233 -4.30359
-1.9259 -4.30022
-1.92851 -4.29682
-1.93115 -4.29341
-1.93381 -4.28998
-1.93649 -4.28653
-1.93919 -4.28307
-1.94192 -4.27958
-1.94466 -4.27608
-1.94743 -4.27255
-1.95022 -4.26901
-1.95303 -4.26546
-1.95586 -4.26188
-1.95871 -4.25829
-1.96159 -4.25468
-1.96449 -4.25105
-1.96741 -4.2474
-1.97036 -4.24374
-1.97333 -4.24006
-1.97632 -4.23636
-1.97933 -4.23265
-1.98237 -4.22892
-1.98543 -4.22517
-1.98852 -4.22141
-1.99163 -4.21763
-1.99477 -4.21384
-1.99792 -4.21003
-2.00111 -4.2062
-2.00432 -4.20236
-2.00755 -4.1985
-2.01081 -4.19463
-2.01409 -4.19075
-2.0174 -4.18685
-2.02073 -4.18293
-2.02409 -4.17901
-2.02747 -4.17506
-2.03088 -4.17111
-2.03432 -4.16714
-2.03778 -4.16316
-2.04127 -4.15916
-2.04479 -4.15515
-2.04833 -4.15113
-2.0519 -4.1471
-2.05549 -4.14306
-2.05912 -4.139
-2.06276 -4.13493
-2.06644 -4.13086
-2.07014 -4.12677
-2.07388 -4.12267
-2.07763 -4.11856
-2.08142 -4.11444
-2.08524 -4.11031
-2.08908 -4.10617
-2.09295 -4.10202
-2.09685 -4.09786
-2.10077 -4.0937
-2.10473 -4.08953
-2.10871 -4.08534
-2.11272 -4.08116
-2.11676 -4.07696
-2.12083 -4.07276
-2.12493 -4.06855
-2.12906 -4.06433
-2.13321 -4.06011
-2.1374 -4.05589
-2.14161 -4.05165
-2.14585 -4.04742
-2.15013 -4.04318
-2.15443 -4.03893
-2.15876 -4.03468
-2.16312 -4.03043
-2.16751 -4.02618
-2.17193 -4.02192
-2.17638 -4.01766
-2.18086 -4.0134
-2.18537 -4.00914
-2.18991 -4.00488
-2.19447 -4.00062
-2.19907 -3.99635
-2.2037 -3.99209
-2.20836 -3.98783
-2.21304 -3.98357
-2.21776 -3.97931
-2.22251 -3.97505
-2.22728 -3.9708
-2.23209 -3.96655
-2.23692 -3.9623
-2.24179 -3.95805
-2.24668 -3.95381
-2.25161 -3.94958
-2.25656 -3.94535
-2.26154 -3.94113
-2.26656 -3.93691
-2.2716 -3.9327
-2.27667 -3.92849
-2.28177 -3.92429
-2.2869 -3.9201
-2.29206 -3.91592
-2.29724 -3.91175
-2.30246 -3.90759
-2.3077 -3.90344
-2.31298 -3.89929
-2.31828 -3.89516
-2.32361 -3.89104
-2.32897 -3.88693
-2.33435 -3.88284
-2.33977 -3.87875
-2.34521 -3.87468
-2.35068 -3.87063
-2.35618 -3.86658
-2.3617 -3.86256
-2.36725 -3.85854
-2.37283 -3.85455
-2.37843 -3.85056
-2.38406 -3.8466
-2.38972 -3.84265
-2.3954 -3.83872
-2.40111 -3.83481
-2.40684 -3.83092
-2.4126 -3.82704
-2.41838 -3.82319
-2.42419 -3.81935
-2.43002 -3.81554
-2.43588 -3.81174
-2.44176 -3.80797
-2.44766 -3.80422
-2.45359 -3.80049
-2.45954 -3.79679
-2.46551 -3.7931
-2.47151 -3.78945
-2.47752 -3.78581
-2.48356 -3.7822
-2.48962 -3.77862
-2.4957 -3.77506
-2.5018 -3.77152
-2.50792 -3.76802
-2.51406 -3.76454
-2.52022 -3.76108
-2.5264 -3.75766
-2.53259 -3.75426
-2.53881 -3.75089
-2.54504 -3.74755
-2.55129 -3.74424
-2.55755 -3.74096
-2.56384 -3.73771
-2.57014 -3.73449
-2.57645 -3.7313
-2.58278 -3.72815
-2.58912 -3.72502
-2.59548 -3.72193
-2.60185 -3.71887
-2.60823 -3.71584
-2.61463 -3.71284
-2.62104 -3.70988
-2.62746 -3.70695
-2.63389 -3.70406
-2.64033 -3.7012
-2.64678 -3.69837
-2.65325 -3.69558
-2.65972 -3.69283
-2.66619 -3.69011
-2.67268 -3.68743
-2.67918 -3.68478
-2.68568 -3.68217
-2.69218 -3.6796
-2.6987 -3.67706
-2.70522 -3.67456
-2.71174 -3.6721
-2.71826 -3.66968
-2.7248 -3.66729
-2.73133 -3.66494
-2.73786 -3.66263
-2.7444 -3.66036
-2.75094 -3.65813
-2.75748 -3.65593
-2.76402 -3.65378
-2.77056 -3.65166
-2.77709 -3.64958
-2.78363 -3.64755
-2.79016 -3.64555
-2.79669 -3.64359
-2.80322 -3.64167
-2.80974 -3.63979
-2.81626 -3.63795
-2.82277 -3.63615
-2.82927 -3.6344
-2.83577 -3.63268
-2.84227 -3.631
-2.84875 -3.62936
-2.85523 -3.62776
-2.86169 -3.6262
-2.86815 -3.62468
-2.8746 -3.62321
-2.88104 -3.62177
-2.88746 -3.62037
-2.89387 -3.61901
-2.90028 -3.6177
-2.90666 -3.61642
-2.91304 -3.61518
-2.9194 -3.61398
-2.92574 -3.61282
-2.93207 -3.6117
-2.93839 -3.61063
-2.94468 -3.60959
-2.95096 -3.60859
-2.95722 -3.60762
-2.96347 -3.6067
-2.96969 -3.60582
-2.9759 -3.60498
-2.98209 -3.60417
-2.98825 -3.6034
-2.9944 -3.60267
-3.00052 -3.60198
-3.00662 -3.60133
-3.0127 -3.60071
-3.01876 -3.60013
-3.02479 -3.59959
-3.0308 -3.59909
-3.03678 -3.59862
-3.04274 -3.59819
-3.04867 -3.59779
-3.05458 -3.59743
-3.06046 -3.59711
-3.06631 -3.59682
-3.07214 -3.59657
-3.07794 -3.59635
-3.08371 -3.59617
-3.08945 -3.59602
-3.09516 -3.5959
-3.10084 -3.59582
-3.1065 -3.59577
-3.11212 -3.59575
-3.11771 -3.59577
-3.12327 -3.59582
-3.1288 -3.5959
-3.1343 -3.59601
-3.13976 -3.59615
-3.14519 -3.59633
-3.15059 -3.59653
-3.15596 -3.59677
-3.16129 -3.59703
-3.16659 -3.59733
-3.17185 -3.59765
-3.17708 -3.598
-3.18228 -3.59838
-3.18744 -3.59879
-3.19256 -3.59922
-3.19765 -3.59968
-3.2027 -3.60017
-3.20771 -3.60068
-3.21269 -3.60122
-3.21763 -3.60179
-3.22254 -3.60238
-3.2274 -3.60299
-3.23223 -3.60363
-3.23703 -3.6043
-3.24178 -3.60498
-3.2465 -3.60569
-3.25117 -3.60642
-3.25581 -3.60718
-3.26041 -3.60795
-3.26497 -3.60875
-3.2695 -3.60956
-3.27398 -3.6104
-3.27842 -3.61126
-3.28283 -3.61214
-3.28719 -3.61303
-3.29152 -3.61395
-3.2958 -3.61488
-3.30005 -3.61583
-3.30426 -3.6168
-3.30842 -3.61778
-3.31255 -3.61878
-3.31663 -3.6198
-3.32068 -3.62083
-3.32468 -3.62188
-3.32865 -3.62294
-3.33257 -3.62402
-3.33645 -3.62511
-3.3403 -3.62622
-3.3441 -3.62734
-3.34786 -3.62847
-3.35158 -3.62961
-3.35527 -3.63077
-3.35891 -3.63193
-3.36251 -3.63311
-3.36607 -3.6343
-3.36959 -3.6355
-3.37307 -3.63671
-3.37651 -3.63793
-3.3799 -3.63916
-3.38326 -3.64039
-3.38658 -3.64164
-3.38986 -3.64289
-3.3931 -3.64415
-3.3963 -3.64542
-3.39945 -3.6467
-3.40257 -3.64798
-3.40565 -3.64927
-3.40869 -3.65056
-3.41169 -3.65186
-3.41465 -3.65317
-3.41757 -3.65448
-3.42045 -3.65579
-3.4233 -3.65711
-3.4261 -3.65843
-3.42887 -3.65975
-3.43159 -3.66108
-3.43428 -3.66241
-3.43693 -3.66375
-3.43954 -3.66508
-3.44212 -3.66642
-3.44465 -3.66776
-3.44715 -3.6691
-3.44961 -3.67044
-3.45203 -3.67178
-3.45442 -3.67313
-3.45677 -3.67447
-3.45908 -3.67581
-3.46136 -3.67715
-3.46359 -3.67849
-3.4658 -3.67983
-3.46796 -3.68117
-3.47009 -3.68251
-3.47219 -3.68384
-3.47425 -3.68517
-3.47627 -3.6865
-3.47826 -3.68783
-3.48021 -3.68916
-3.48213 -3.69048
-3.48402 -3.6918
-3.48587 -3.69311
-3.48768 -3.69442
-3.48946 -3.69573
-3.49121 -3.69703
-3.49293 -3.69833
-3.49461 -3.69962
-3.49626 -3.70091
-3.49787 -3.70219
-3.49945 -3.70347
-3.50101 -3.70474
-3.50252 -3.70601
-3.50401 -3.70727
-3.50547 -3.70852
-3.50689 -3.70977
-3.50828 -3.71101
-3.50964 -3.71225
-3.51097 -3.71348
-3.51227 -3.7147
-3.51354 -3.71592
-3.51478 -3.71712
-3.51599 -3.71832
-3.51718 -3.71952
-3.51833 -3.7207
-3.51945 -3.72188
-3.52054 -3.72305
-3.52161 -3.72421
-3.52264 -3.72536
-3.52365 -3.72651
-3.52463 -3.72764
-3.52559 -3.72877
-3.52651 -3.72989
-3.52741 -3.731
-3.52828 -3.7321
-3.52913 -3.73319
-3.52994 -3.73427
-3.53074 -3.73535
-3.5315 -3.73641
-3.53224 -3.73747
-3.53296 -3.73851
-3.53365 -3.73955
-3.53431 -3.74058
-3.53495 -3.74159
-3.53557 -3.7426
-3.53616 -3.7436
-3.53672 -3.74458
-3.53727 -3.74556
-3.53779 -3.74653
-3.53828 -3.74748
-3.53875 -3.74843
-3.5392 -3.74936
-3.53963 -3.75029
-3.54004 -3.75121
-3.54042 -3.75211
-3.54078 -3.753
-3.54112 -3.75389
-3.54143 -3.75476
-3.54173 -3.75562
-3.542 -3.75648
-3.54226 -3.75732
-3.54249 -3.75815
-3.5427 -3.75897
-3.5429 -3.75978
-3.54307 -3.76057
-3.54322 -3.76136
-3.54335 -3.76214
-3.54347 -3.76291
-3.54356 -3.76366
-3.54364 -3.7644
-3.54369 -3.76514
-3.54373 -3.76586
-3.54375 -3.76657
-3.54375 -3.76727
-3.54374 -3.76796
-3.5437 -3.76864
-3.54365 -3.76931
-3.54358 -3.76996
-3.5435 -3.77061
-3.54339 -3.77125
-3.54327 -3.77187
-3.54314 -3.77248
-3.54299 -3.77309
-3.54282 -3.77368
-3.54263 -3.77426
-3.54243 -3.77483
-3.54222 -3.77539
-3.54199 -3.77594
-3.54174 -3.77647
-3.54148 -3.777
-3.5412 -3.77752
-3.54091 -3.77802
-3.54061 -3.77852
-3.54029 -3.779
-3.53996 -3.77948
-3.53961 -3.77994
-3.53925 -3.78039
-3.53887 -3.78083
-3.53849 -3.78126
-3.53809 -3.78168
-3.53767 -3.7821
-3.53724 -3.7825
-3.5368 -3.78289
-3.53635 -3.78327
-3.53589 -3.78363
-3.53541 -3.78399
-3.53492 -3.78434
-3.53442 -3.78468
-3.53391 -3.78501
-3.53338 -3.78533
-3.53285 -3.78564
-3.5323 -3.78594
-3.53174 -3.78622
-3.53118 -3.7865
-3.5306 -3.78677
-3.53001 -3.78703
-3.5294 -3.78728
-3.52879 -3.78752
-3.52817 -3.78775
-3.52754 -3.78797
-3.5269 -3.78818
-3.52625 -3.78839
-3.52559 -3.78858
-3.52491 -3.78876
-3.52423 -3.78894
-3.52354 -3.7891
-3.52285 -3.78926
-3.52214 -3.7894
-3.52142 -3.78954
-3.5207 -3.78967
-3.51996 -3.78979
-3.51922 -3.7899
-3.51847 -3.79
-3.51771 -3.79009
-3.51694 -3.79018
-3.51617 -3.79025
-3.51538 -3.79032
-3.51459 -3.79038
-3.51379 -3.79043
-3.51299 -3.79047
-3.51217 -3.7905
-3.51135 -3.79053
-3.51052 -3.79054
-3.50969 -3.79055
-3.50885 -3.79055
-3.508 -3.79055
-3.50714 -3.79053
-3.50628 -3.79051
-3.50541 -3.79048
-3.50453 -3.79044
-3.50365 -3.79039
-3.50276 -3.79034
-3.50187 -3.79027
-3.50096 -3.79021
-3.50006 -3.79013
-3.49914 -3.79004
-3.49823 -3.78995
-3.4973 -3.78985
-3.49637 -3.78975
-3.49544 -3.78963
-3.49449 -3.78951
-3.49355 -3.78939
-3.4926 -3.78925
-3.49164 -3.78911
-3.49068 -3.78896
-3.48971 -3.78881
-3.48874 -3.78865
-3.48776 -3.78848
-3.48678 -3.78831
-3.48579 -3.78813
-3.4848 -3.78794
-3.48381 -3.78775
-3.48281 -3.78755
-3.4818 -3.78734
-3.48079 -3.78713
-3.47978 -3.78691
-3.47876 -3.78669
-3.47774 -3.78645
-3.47672 -3.78622
-3.47569 -3.78598
-3.47465 -3.78573
-3.47362 -3.78548
-3.47257 -3.78522
-3.47153 -3.78495
-3.47048 -3.78468
-3.46943 -3.78441
-3.46837 -3.78412
-3.46732 -3.78384
-3.46625 -3.78355
-3.46519 -3.78325
-3.46412 -3.78295
-3.46305 -3.78264
-3.46197 -3.78233
-3.46089 -3.78201
-3.45981 -3.78169
-3.45873 -3.78136
-3.45764 -3.78103
-3.45655 -3.78069
-3.45546 -3.78035
-3.45436 -3.78
-3.45326 -3.77965
-3.45216 -3.7793
-3.45106 -3.77894
-3.44995 -3.77858
-3.44884 -3.77821
-3.44773 -3.77784
-3.44662 -3.77746
-3.4455 -3.77708
-3.44438 -3.77669
-3.44326 -3.77631
-3.44214 -3.77591
-3.44101 -3.77552
-3.43989 -3.77511
-3.43876 -3.77471
-3.43763 -3.7743
-3.43649 -3.77389
-3.43536 -3.77347
-3.43422 -3.77306
-3.43308 -3.77263
-3.43194 -3.77221
-3.43079 -3.77178
-3.42965 -3.77134
-3.4285 -3.77091
-3.42735 -3.77047
-3.4262 -3.77003
-3.42505 -3.76958
-3.42389 -3.76913
-3.42274 -3.76868
-3.42158 -3.76822
-3.42042 -3.76776
-3.41926 -3.7673
-3.4181 -3.76684
-3.41694 -3.76637
-3.41577 -3.7659
-3.41461 -3.76543
-3.41344 -3.76496
-3.41227 -3.76448
-3.4111 -3.764
-3.40993 -3.76351
-3.40875 -3.76303
-3.40758 -3.76254
-3.4064 -3.76205
-3.40523 -3.76156
-3.40405 -3.76106
-3.40287 -3.76057
-3.40169 -3.76007
-3.40051 -3.75957
-3.39933 -3.75906
-3.39814 -3.75856
-3.39696 -3.75805
-3.39577 -3.75754
-3.39459 -3.75703
-3.3934 -3.75651
-3.39221 -3.756
-3.39102 -3.75548
-3.38983 -3.75496
-3.38864 -3.75444
-3.38745 -3.75392
-3.38625 -3.75339
-3.38506 -3.75287
-3.38386 -3.75234
-3.38267 -3.75181
-3.38147 -3.75128
-3.38028 -3.75075
-3.37908 -3.75021
-3.37788 -3.74968
-3.37668 -3.74914
-3.37548 -3.7486
-3.37428 -3.74807
-3.37308 -3.74753
-3.37187 -3.74698
-3.37067 -3.74644
-3.36947 -3.7459
-3.36826 -3.74535
-3.36706 -3.74481
-3.36585 -3.74426
-3.36464 -3.74371
-3.36344 -3.74316
-3.36223 -3.74261
-3.36102 -3.74206
-3.35981 -3.74151
-3.3586 -3.74096
-3.35739 -3.7404
-3.35618 -3.73985
-3.35497 -3.73929
-3.35376 -3.73874
-3.35255 -3.73818
-3.35133 -3.73763
-3.35012 -3.73707
-3.34891 -3.73651
-3.34769 -3.73595
-3.34648 -3.73539
-3.34526 -3.73483
-3.34405 -3.73427
-3.34283 -3.73371
-3.34161 -3.73315
-3.3404 -3.73259
-3.33918 -3.73202
-3.33796 -3.73146
-3.33674 -3.7309
-3.33552 -3.73034
-3.3343 -3.72977
-3.33308 -3.72921
-3.33186 -3.72865
-3.33064 -3.72808
-3.32942 -3.72752
-3.3282 -3.72695
-3.32698 -3.72639
-3.32575 -3.72583
-3.32453 -3.72526
-3.32331 -3.7247
-3.32208 -3.72413
-3.32086 -3.72357
-3.31964 -3.723
-3.31841 -3.72244
-3.31719 -3.72187
-3.31596 -3.72131
-3.31473 -3.72074
-3.31351 -3.72018
-3.31228 -3.71962
-3.31105 -3.71905
-3.30983 -3.71849
-3.3086 -3.71793
-3.30737 -3.71736
-3.30614 -3.7168
-3.30491 -3.71624
-3.30368 -3.71568
-3.30245 -3.71511
-3.30122 -3.71455
-3.29999 -3.71399
-3.29876 -3.71343
-3.29753 -3.71287
-3.2963 -3.71231
-3.29506 -3.71175
-3.29383 -3.71119
-3.2926 -3.71063
-3.29137 -3.71007
-3.29013 -3.70951
-3.2889 -3.70896
-3.28766 -3.7084
-3.28643 -3.70784
-3.28519 -3.70729
-3.28396 -3.70673
-3.28272 -3.70618
-3.28148 -3.70562
-3.28025 -3.70507
-3.27901 -3.70452
-3.27777 -3.70396
-3.27653 -3.70341
-3.2753 -3.70286
-3.27406 -3.70231
-3.27282 -3.70176
-3.27158 -3.70121
-3.27034 -3.70066
-3.2691 -3.70012
-3.26786 -3.69957
-3.26662 -3.69902
-3.26537 -3.69848
-3.26413 -3.69793
-3.26289 -3.69739
-3.26165 -3.69685
-3.2604 -3.69631
-3.25916 -3.69576
-3.25791 -3.69522
-3.25667 -3.69468
-3.25542 -3.69415
-3.25418 -3.69361
-3.25293 -3.69307
-3.25168 -3.69254
-3.25044 -3.692
-3.24919 -3.69147
-3.24794 -3.69093
-3.24669 -3.6904
-3.24544 -3.68987
-3.24419 -3.68934
-3.24294 -3.68881
-3.24169 -3.68828
-3.24044 -3.68775
-3.23919 -3.68722
-3.23794 -3.6867
-3.23669 -3.68617
-3.23543 -3.68565
-3.23418 -3.68513
-3.23293 -3.6846
-3.23167 -3.68408
-3.23042 -3.68356
-3.22916 -3.68304
-3.22791 -3.68253
-3.22665 -3.68201
-3.22539 -3.68149
-3.22413 -3.68098
-3.22288 -3.68046
-3.22162 -3.67995
-3.22036 -3.67944
-3.2191 -3.67893
-3.21784 -3.67842
-3.21658 -3.67791
-3.21531 -3.6774
-3.21405 -3.6769
-3.21279 -3.67639
-3.21153 -3.67589
-3.21026 -3.67538
-3.209 -3.67488
-3.20773 -3.67438
-3.20647 -3.67388
-3.2052 -3.67338
-3.20393 -3.67289
-3.20266 -3.67239
-3.2014 -3.67189
-3.20013 -3.6714
-3.19886 -3.67091
-3.19759 -3.67041
-3.19632 -3.66992
-3.19504 -3.66943
-3.19377 -3.66895
-3.1925 -3.66846
-3.19123 -3.66797
-3.18995 -3.66749
-3.18868 -3.667
-3.1874 -3.66652
-3.18612 -3.66604
-3.18485 -3.66556
-3.18357 -3.66508
-3.18229 -3.6646
-3.18101 -3.66412
-3.17973 -3.66364
-3.17845 -3.66317
-3.17717 -3.6627
-3.17589 -3.66222
-3.1746 -3.66175
-3.17332 -3.66128
-3.17204 -3.66081
-3.17075 -3.66034
-3.16947 -3.65988
-3.16818 -3.65941
-3.16689 -3.65894
-3.1656 -3.65848
-3.16431 -3.65802
-3.16302 -3.65756
-3.16173 -3.6571
-3.16044 -3.65664
-3.15915 -3.65618
-3.15786 -3.65572
-3.15656 -3.65527
-3.15527 -3.65481
-3.15397 -3.65436
-3.15268 -3.65391
-3.15138 -3.65345
-3.15008 -3.653
-3.14878 -3.65256
-3.14748 -3.65211
-3.14618 -3.65166
-3.14488 -3.65121
-3.14358 -3.65077
-3.14228 -3.65033
-3.14097 -3.64988
-3.13967 -3.64944
-3.13836 -3.649
-3.13706 -3.64856
-3.13575 -3.64813
-3.13444 -3.64769
-3.13313 -3.64725
-3.13182 -3.64682
-3.13051 -3.64638
-3.1292 -3.64595
-3.12788 -3.64552
-3.12657 -3.64509
-3.12525 -3.64466
-3.12394 -3.64423
-3.12262 -3.6438
-3.1213 -3.64338
-3.11999 -3.64295
-3.11867 -3.64253
-3.11735 -3.6421
-3.11602 -3.64168
-3.1147 -3.64126
-3.11338 -3.64084
-3.11205 -3.64042
-3.11073 -3.64
-3.1094 -3.63959
-3.10807 -3.63917
-3.10674 -3.63876
-3.10541 -3.63834
-3.10408 -3.63793
-3.10275 -3.63752
-3.10142 -3.6371
-3.10009 -3.63669
-3.09875 -3.63628
-3.09742 -3.63588
-3.09608 -3.63547
-3.09474 -3.63506
-3.0934 -3.63466
-3.09206 -3.63425
-3.09072 -3.63385
-3.08938 -3.63345
-3.08803 -3.63304
-3.08669 -3.63264
-3.08535 -3.63224
-3.084 -3.63184
-3.08265 -3.63145
-3.0813 -3.63105
-3.07995 -3.63065
-3.0786 -3.63026
-3.07725 -3.62986
-3.0759 -3.62947
-3.07454 -3.62907
-3.07319 -3.62868
-3.07183 -3.62829
-3.07047 -3.6279
-3.06911 -3.62751
-3.06775 -3.62712
-3.06639 -3.62673
-3.06503 -3.62635
-3.06366 -3.62596
-3.0623 -3.62557
-3.06093 -3.62519
-3.05957 -3.6248
-3.0582 -3.62442
-3.05683 -3.62404
-3.05546 -3.62366
-3.05409 -3.62327
-3.05271 -3.62289
-3.05134 -3.62251
-3.04996 -3.62213
-3.04859 -3.62176
-3.04721 -3.62138
-3.04583 -3.621
-3.04445 -3.62062
-3.04307 -3.62025
-3.04168 -3.61987
-3.0403 -3.6195
-3.03891 -3.61913
-3.03753 -3.61875
-3.03614 -3.61838
-3.03475 -3.61801
-3.03336 -3.61764
-3.03197 -3.61727
-3.03058 -3.6169
-3.02918 -3.61653
-3.02779 -3.61616
-3.02639 -3.61579
-3.02499 -3.61542
-3.02359 -3.61505
-3.02219 -3.61469
-3.02079 -3.61432
-3.01938 -3.61395
-3.01798 -3.61359
-3.01657 -3.61322
-3.01517 -3.61286
-3.01376 -3.6125
-3.01235 -3.61213
-3.01094 -3.61177
-3.00952 -3.61141
-3.00811 -3.61104
-3.00669 -3.61068
-3.00528 -3.61032
-3.00386 -3.60996
-3.00244 -3.6096
-3.00102 -3.60924
-2.9996 -3.60888
-2.99817 -3.60852
-2.99675 -3.60816
-2.99532 -3.6078
-2.9939 -3.60744
-2.99247 -3.60709
-2.99104 -3.60673
-2.9896 -3.60637
-2.98817 -3.60601
-2.98674 -3.60566
-2.9853 -3.6053
-2.98386 -3.60494
-2.98242 -3.60459
-2.98098 -3.60423
-2.97954 -3.60387
-2.9781 -3.60352
-2.97666 -3.60316
-2.97521 -3.60281
-2.97376 -3.60245
-2.97231 -3.6021
-2.97086 -3.60174
-2.96941 -3.60139
-2.96796 -3.60103
-2.96651 -3.60068
-2.96505 -3.60033
-2.96359 -3.59997
-2.96213 -3.59962
-2.96067 -3.59926
-2.95921 -3.59891
-2.95775 -3.59856
-2.95628 -3.5982
-2.95482 -3.59785
-2.95335 -3.59749
-2.95188 -3.59714
-2.95041 -3.59679
-2.94894 -3.59643
-2.94747 -3.59608
-2.94599 -3.59572
-2.94452 -3.59537
-2.94304 -3.59501
-2.94156 -3.59466
-2.94008 -3.59431
-2.9386 -3.59395
-2.93711 -3.5936
-2.93563 -3.59324
-2.93414 -3.59289
-2.93265 -3.59253
-2.93116 -3.59218
-2.92967 -3.59182
-2.92818 -3.59146
-2.92668 -3.59111
-2.92519 -3.59075
-2.92369 -3.59039
-2.92219 -3.59004
-2.92069 -3.58968
-2.91919 -3.58932
-2.91769 -3.58897
-2.91618 -3.58861
-2.91468 -3.58825
-2.91317 -3.58789
-2.91166 -3.58753
-2.91015 -3.58717
-2.90864 -3.58681
-2.90712 -3.58645
-2.90561 -3.58609
-2.90409 -3.58573
-2.90257 -3.58537
-2.90105 -3.585
-2.89953 -3.58464
-2.89801 -3.58428
-2.89648 -3.58392
-2.89495 -3.58355
-2.89343 -3.58319
-2.8919 -3.58282
-2.89037 -3.58246
-2.88883 -3.58209
-2.8873 -3.58172
-2.88577 -3.58135
-2.88423 -3.58099
-2.88269 -3.58062
-2.88115 -3.58025
-2.87961 -3.57988
-2.87807 -3.57951
-2.87652 -3.57914
-2.87497 -3.57876
-2.87343 -3.57839
-2.87188 -3.57802
-2.87033 -3.57764
-2.86877 -3.57727
-2.86722 -3.57689
-2.86567 -3.57651
-2.86411 -3.57614
-2.86255 -3.57576
-2.86099 -3.57538
-2.85943 -3.575
-2.85787 -3.57462
-2.8563 -3.57424
-2.85473 -3.57385
-2.85317 -3.57347
-2.8516 -3.57308
-2.85003 -3.5727
-2.84845 -3.57231
-2.84688 -3.57192
-2.8453 -3.57154
-2.84373 -3.57115
-2.84215 -3.57076
-2.84057 -3.57036
-2.83899 -3.56997
-2.8374 -3.56958
-2.83582 -3.56918
-2.83423 -3.56879
-2.83265 -3.56839
-2.83106 -3.56799
-2.82947 -3.56759
-2.82787 -3.56719
-2.82628 -3.56679
-2.82469 -3.56638
-2.82309 -3.56598
-2.82149 -3.56557
-2.81989 -3.56517
-2.81829 -3.56476
-2.81669 -3.56435
-2.81508 -3.56394
-2.81348 -3.56353
-2.81187 -3.56311
-2.81026 -3.5627
-2.80865 -3.56228
-2.80704 -3.56186
-2.80542 -3.56145
-2.80381 -3.56102
-2.80219 -3.5606
-2.80058 -3.56018
-2.79896 -3.55975
-2.79734 -3.55933
-2.79571 -3.5589
-2.79409 -3.55847
-2.79247 -3.55804
-2.79084 -3.55761
-2.78921 -3.55717
-2.78758 -3.55674
-2.78595 -3.5563
-2.78432 -3.55586
-2.78269 -3.55542
-2.78105 -3.55498
-2.77941 -3.55453
-2.77778 -3.55409
-2.77614 -3.55364
-2.7745 -3.55319
-2.77285 -3.55274
-2.77121 -3.55229
-2.76956 -3.55183
-2.76792 -3.55138
-2.76627 -3.55092
-2.76462 -3.55046
-2.76297 -3.55
-2.76132 -3.54953
-2.75967 -3.54907
-2.75801 -3.5486
-2.75636 -3.54813
-2.7547 -3.54766
-2.75304 -3.54719
-2.75138 -3.54671
-2.74972 -3.54623
-2.74805 -3.54575
-2.74639 -3.54527
-2.74473 -3.54479
-2.74306 -3.5443
-2.74139 -3.54381
-2.73972 -3.54332
-2.73805 -3.54283
-2.73638 -3.54234
-2.73471 -3.54184
-2.73303 -3.54134
-2.73136 -3.54084
-2.72968 -3.54034
-2.728 -3.53983
-2.72632 -3.53933
-2.72464 -3.53882
-2.72296 -3.53831
-2.72128 -3.53779
-2.71959 -3.53727
-2.71791 -3.53676
-2.71622 -3.53623
-2.71453 -3.53571
-2.71285 -3.53518
-2.71116 -3.53466
-2.70946 -3.53412
-2.70777 -3.53359
-2.70608 -3.53306
-2.70438 -3.53252
-2.70269 -3.53198
-2.70099 -3.53143
-2.69929 -3.53089
-2.6976 -3.53034
-2.6959 -3.52979
-2.69419 -3.52923
-2.69249 -3.52868
-2.69079 -3.52812
-2.68909 -3.52756
-2.68738 -3.52699
-2.68567 -3.52642
-2.68397 -3.52585
-2.68226 -3.52528
-2.68055 -3.52471
-2.67884 -3.52413
-2.67713 -3.52355
-2.67542 -3.52296
-2.6737 -3.52238
-2.67199 -3.52179
-2.67028 -3.5212
-2.66856 -3.5206
-2.66684 -3.52
-2.66513 -3.5194
-2.66341 -3.5188
-2.66169 -3.51819
-2.65997 -3.51758
-2.65825 -3.51697
-2.65653 -3.51635
-2.6548 -3.51574
-2.65308 -3.51511
-2.65136 -3.51449
-2.64963 -3.51386
-2.64791 -3.51323
-2.64618 -3.5126
-2.64446 -3.51196
-2.64273 -3.51132
-2.641 -3.51068
-2.63927 -3.51003
-2.63754 -3.50938
-2.63581 -3.50873
-2.63408 -3.50807
-2.63235 -3.50741
-2.63062 -3.50675
-2.62889 -3.50608
-2.62715 -3.50541
-2.62542 -3.50474
-2.62369 -3.50406
-2.62195 -3.50338
-2.62022 -3.5027
-2.61848 -3.50202
-2.61674 -3.50133
-2.61501 -3.50063
-2.61327 -3.49994
-2.61153 -3.49924
-2.6098 -3.49854
-2.60806 -3.49783
-2.60632 -3.49712
-2.60458 -3.49641
-2.60284 -3.49569
-2.6011 -3.49497
-2.59936 -3.49424
-2.59762 -3.49352
-2.59588 -3.49278
-2.59414 -3.49205
-2.5924 -3.49131
-2.59066 -3.49057
-2.58892 -3.48982
-2.58718 -3.48907
-2.58544 -3.48832
-2.5837 -3.48756
-2.58196 -3.4868
-2.58022 -3.48604
-2.57847 -3.48527
-2.57673 -3.4845
-2.57499 -3.48372
-2.57325 -3.48294
-2.57151 -3.48216
-2.56977 -3.48137
-2.56803 -3.48058
-2.56628 -3.47979
-2.56454 -3.47899
-2.5628 -3.47819
-2.56106 -3.47738
-2.55932 -3.47657
-2.55758 -3.47576
-2.55584 -3.47494
-2.5541 -3.47412
-2.55236 -3.47329
-2.55062 -3.47246
-2.54888 -3.47163
-2.54714 -3.47079
-2.5454 -3.46995
-2.54367 -3.4691
-2.54193 -3.46825
-2.54019 -3.4674
-2.53845 -3.46654
-2.53672 -3.46568
-2.53498 -3.46481
-2.53325 -3.46394
-2.53151 -3.46307
-2.52978 -3.46219
-2.52804 -3.46131
-2.52631 -3.46042
-2.52458 -3.45953
-2.52285 -3.45863
-2.52111 -3.45773
-2.51938 -3.45683
-2.51765 -3.45592
-2.51593 -3.45501
-2.5142 -3.4541
-2.51247 -3.45318
-2.51074 -3.45225
-2.50902 -3.45132
-2.50729 -3.45039
-2.50557 -3.44945
-2.50385 -3.44851
-2.50213 -3.44757
-2.5004 -3.44662
-2.49869 -3.44566
-2.49697 -3.4447
-2.49525 -3.44374
-2.49353 -3.44277
-2.49182 -3.4418
-2.4901 -3.44083
-2.48839 -3.43985
-2.48668 -3.43886
-2.48497 -3.43787
-2.48326 -3.43688
-2.48155 -3.43588
-2.47984 -3.43488
-2.47814 -3.43388
-2.47643 -3.43287
-2.47473 -3.43185
-2.47303 -3.43083
-2.47133 -3.42981
-2.46963 -3.42878
-2.46794 -3.42775
-2.46624 -3.42671
-2.46455 -3.42567
-2.46286 -3.42462
-2.46117 -3.42357
-2.45948 -3.42252
-2.45779 -3.42146
-2.4561 -3.4204
-2.45442 -3.41933
-2.45274 -3.41826
-2.45106 -3.41718
-2.44938 -3.4161
-2.44771 -3.41501
-2.44603 -3.41392
-2.44436 -3.41283
-2.44269 -3.41173
-2.44102 -3.41063
-2.43936 -3.40952
-2.43769 -3.40841
-2.43603 -3.40729
-2.43437 -3.40617
-2.43271 -3.40504
-2.43106 -3.40391
-2.4294 -3.40278
-2.42775 -3.40164
-2.4261 -3.40049
-2.42446 -3.39935
-2.42281 -3.39819
-2.42117 -3.39704
-2.41953 -3.39588
-2.41789 -3.39471
-2.41626 -3.39354
-2.41463 -3.39237
-2.413 -3.39119
-2.41137 -3.39
-2.40975 -3.38881
-2.40813 -3.38762
-2.40651 -3.38643
-2.40489 -3.38522
-2.40328 -3.38402
-2.40167 -3.38281
-2.40006 -3.3816
-2.39845 -3.38038
-2.39685 -3.37915
-2.39525 -3.37793
-2.39365 -3.37669
-2.39206 -3.37546
-2.39047 -3.37422
-2.38888 -3.37297
-2.3873 -3.37172
-2.38571 -3.37047
-2.38413 -3.36921
-2.38256 -3.36795
-2.38099 -3.36668
-2.37942 -3.36541
-2.37785 -3.36414
-2.37629 -3.36286
-2.37473 -3.36157
-2.37317 -3.36029
-2.37162 -3.35899
-2.37007 -3.3577
-2.36853 -3.3564
-2.36698 -3.35509
-2.36544 -3.35378
-2.36391 -3.35247
-2.36238 -3.35115
-2.36085 -3.34983
-2.35932 -3.34851
-2.3578 -3.34718
-2.35628 -3.34584
-2.35477 -3.3445
-2.35326 -3.34316
-2.35175 -3.34182
-2.35025 -3.34046
-2.34875 -3.33911
-2.34726 -3.33775
-2.34576 -3.33639
-2.34428 -3.33502
-2.34279 -3.33365
-2.34131 -3.33228
-2.33984 -3.3309
-2.33837 -3.32952
-2.3369 -3.32813
-2.33544 -3.32674
-2.33398 -3.32535
-2.33252 -3.32395
-2.33107 -3.32255
-2.32962 -3.32114
-2.32818 -3.31973
-2.32674 -3.31832
-2.32531 -3.3169
-2.32388 -3.31548
-2.32246 -3.31406
-2.32103 -3.31263
-2.31962 -3.3112
-2.31821 -3.30976
-2.3168 -3.30832
-2.3154 -3.30688
-2.314 -3.30543
-2.3126 -3.30398
-2.31121 -3.30253
-2.30983 -3.30107
-2.30845 -3.29961
-2.30707 -3.29815
-2.3057 -3.29668
-2.30433 -3.29521
-2.30297 -3.29374
-2.30162 -3.29226
-2.30026 -3.29078
-2.29892 -3.28929
-2.29757 -3.28781
-2.29624 -3.28631
-2.2949 -3.28482
-2.29358 -3.28332
-2.29225 -3.28182
-2.29094 -3.28032
-2.28962 -3.27881
-2.28832 -3.2773
-2.28701 -3.27579
-2.28571 -3.27427
-2.28442 -3.27275
-2.28313 -3.27123
-2.28185 -3.2697
-2.28057 -3.26818
-2.2793 -3.26664
-2.27804 -3.26511
-2.27677 -3.26357
-2.27552 -3.26203
-2.27427 -3.26049
-2.27302 -3.25894
-2.27178 -3.2574
-2.27054 -3.25585
-2.26931 -3.25429
-2.26809 -3.25274
-2.26687 -3.25118
-2.26566 -3.24961
-2.26445 -3.24805
-2.26324 -3.24648
-2.26205 -3.24491
-2.26085 -3.24334
-2.25967 -3.24177
-2.25849 -3.24019
-2.25731 -3.23861
-2.25614 -3.23703
-2.25498 -3.23545
-2.25382 -3.23386
-2.25267 -3.23228
-2.25152 -3.23069
-2.25038 -3.22909
-2.24924 -3.2275
-2.24811 -3.2259
-2.24698 -3.2243
-2.24587 -3.2227
-2.24475 -3.2211
-2.24364 -3.2195
-2.24254 -3.21789
-2.24145 -3.21628
-2.24036 -3.21467
-2.23927 -3.21306
-2.23819 -3.21145
-2.23712 -3.20983
-2.23605 -3.20821
-2.23499 -3.20659
-2.23393 -3.20497
